noise,seed,Method,StepSize,N,Ninit,initMethod,npc,nBatch,Time,RMSEphi1,RMSEphi2,RMSEphi3,RMSEphi1.avg,RMSEphi2.avg,RMSEphi3.avg,tau
0.1,3,OnlineFPCA-sgd,0.1,0,100,face,3,5,1.80988073348999,0.28702223423878576,0.433399292603681,0.41292972762737284,0.28702223423878576,0.433399292603681,0.41292972762737284,1.0000000000000009e-4
0.1,3,OnlineFPCA-sgd,0.1,100,100,face,3,5,0.601222038269043,0.8346732579840949,1.0117473646349202,0.452251371405913,NA,NA,NA,5.6234132519034954e-6
0.1,3,OnlineFPCA-sgd,0.1,200,100,face,3,5,0.445295095443726,0.3995995312513915,0.3984148484494712,0.6170366588349198,NA,NA,NA,3.307236545548826e-5
0.1,3,OnlineFPCA-sgd,0.1,300,100,face,3,5,0.435253858566284,0.664316382916368,0.589958522435723,0.47852624648107644,NA,NA,NA,3.307236545548826e-5
0.1,3,OnlineFPCA-sgd,0.1,400,100,face,3,5,0.460702657699585,0.09129224420261105,0.2870946709251642,0.2901912928661341,NA,NA,NA,3.307236545548826e-5
0.1,3,OnlineFPCA-sgd,0.1,500,100,face,3,5,0.437166929244995,0.4172635219149378,0.4700726999630445,0.21352052699145813,NA,NA,NA,1.301071336502714e-5
0.1,3,OnlineFPCA-sgd,0.1,600,100,face,3,5,0.402803421020508,0.2501637701763344,0.4926523218827202,0.2239555652518914,NA,NA,NA,2.9574664721995856e-5
0.1,3,OnlineFPCA-sgd,0.1,700,100,face,3,5,0.404505729675293,0.20189996089184079,0.45928618555131145,0.20124776950697326,NA,NA,NA,6.181030614017111e-5
0.1,3,OnlineFPCA-sgd,0.1,800,100,face,3,5,0.40537166595459,0.1371902664068846,0.41341272516273303,0.17345799109721122,NA,NA,NA,1.209577513316569e-4
0.1,3,OnlineFPCA-sgd,0.1,900,100,face,3,5,0.404819011688232,0.09786630198448402,0.37602525420460814,0.1443758350919826,NA,NA,NA,2.244559956388845e-4
0.1,3,OnlineFPCA-sgd,0.1,1000,100,face,3,5,0.410536527633667,0.07096397686741315,0.3384487345907464,0.1154667846627339,NA,NA,NA,1.2639311617261147e-4
0.1,3,OnlineFPCA-sgd,0.1,1100,100,face,3,5,0.604525804519653,0.11341264206520744,0.09987266231201619,0.11777616004839099,0.07456285407500339,0.10215733059007259,0.09874866804210695,1.2639311617261147e-4
0.1,3,OnlineFPCA-sgd,0.1,1200,100,face,3,5,0.600568532943726,0.13361323451794585,0.18252254560928755,0.21454550224533747,0.043658324882491245,0.06659909936308499,0.1015677706847627,2.0953085935879195e-4
0.1,3,OnlineFPCA-sgd,0.1,1300,100,face,3,5,0.577119827270508,0.42226723514322845,0.21908985756482197,0.28251454300430623,0.033457931882075895,0.06144901307775441,0.14826639432357794,1.2992272608986492e-4
0.1,3,OnlineFPCA-sgd,0.1,1400,100,face,3,5,0.584355115890503,0.2555670290271325,0.2104627341093185,0.2510333782618038,0.040568538031675656,0.07813652755962354,0.16784850925118316,1.2992272608986492e-4
0.1,3,OnlineFPCA-sgd,0.1,1500,100,face,3,5,0.577797889709473,0.1371028105984692,0.14944103761044267,0.20464956360982794,0.034492451343729746,0.060874994985543426,0.16424389835873734,8.43153232695468e-5
0.1,3,OnlineFPCA-sgd,0.1,1600,100,face,3,5,0.589566230773926,0.10379155405902735,0.14672848447750697,0.2080727836089198,0.03411364457692923,0.06450340296354698,0.16616627458856292,8.43153232695468e-5
0.1,3,OnlineFPCA-sgd,0.1,1700,100,face,3,5,0.587482213973999,0.09918910963343845,0.13589734238974083,0.2088883693551982,0.03911026168833156,0.07107345816130009,0.16943379886294108,3.818151713258107e-5
0.1,3,OnlineFPCA-sgd,0.1,1800,100,face,3,5,0.584651470184326,0.10045318717385687,0.12715758607694488,0.20685133381916837,0.04471553250979411,0.07635840135908113,0.1726765526876435,3.818151713258107e-5
0.1,3,OnlineFPCA-sgd,0.1,1900,100,face,3,5,0.587372541427612,0.09058760395521152,0.11266450302146101,0.20919911399451574,0.048689134370038335,0.07941489841463911,0.1757230905218024,2.6467445707071974e-5
0.1,3,OnlineFPCA-sgd,0.1,2000,100,face,3,5,0.576279401779175,0.08662665985978361,0.11303652395420832,0.20335891958771266,0.051164658195474895,0.08225703882230093,0.17823370332346322,1.8585897067786637e-5
0.1,3,OnlineFPCA-sgd,0.1,2100,100,face,3,5,0.579776287078857,0.15657207387279987,0.24097301903039142,0.2786033288442655,0.04790207537767479,0.07824409336897435,0.18265159629795313,1.8585897067786637e-5
0.1,3,OnlineFPCA-sgd,0.1,2200,100,face,3,5,0.576948404312134,0.18092349452125236,0.12482735899114154,0.2904427251648043,0.04344933430355922,0.07502726063622359,0.19079677869303371,1.8585897067786637e-5
0.1,3,OnlineFPCA-sgd,0.1,2300,100,face,3,5,0.570970773696899,0.2485203876327209,0.27286377724275657,0.2351279692718887,0.04006002404977426,0.08230559714953392,0.19075592201856667,1.3488506972191678e-5
0.1,3,OnlineFPCA-sgd,0.1,2400,100,face,3,5,0.579854488372803,0.23901157703929166,0.21500500595415098,0.278369350535642,0.03949027010040443,0.08665757816593753,0.18807322154219158,7.239314251039898e-6
0.1,3,OnlineFPCA-sgd,0.1,2500,100,face,3,5,0.58022403717041,0.17556809889250052,0.22109630893340773,0.3420138886652504,0.035109095301406004,0.08728736799464545,0.19467499037556643,3.9540726893460065e-6
0.1,3,OnlineFPCA-sgd,0.1,2600,100,face,3,5,0.572222471237183,0.15909756845061165,0.22007381423296415,0.2027770088230324,0.03208418139360476,0.08725542983712721,0.19527363802539965,3.9540726893460065e-6
0.1,3,OnlineFPCA-sgd,0.1,2700,100,face,3,5,0.607861995697021,0.14541410861997134,0.18635094247424425,0.17907320908550212,0.02785686283549763,0.08685520638272892,0.18976506059241224,2.968971125283634e-6
0.1,3,OnlineFPCA-sgd,0.1,2800,100,face,3,5,0.728402137756348,0.30406753585939117,0.14773655568822439,0.21615723961625324,0.0220644701342398,0.08642825307294705,0.1834362659987603,2.968971125283634e-6
0.1,3,OnlineFPCA-sgd,0.1,2900,100,face,3,5,0.575331211090088,0.1997460513089853,0.1316449680455099,0.207183440713257,0.023156318462022988,0.08601331338788383,0.18446974863492444,1.7213593864023809e-6
0.1,3,OnlineFPCA-sgd,0.1,3000,100,face,3,5,0.57998514175415,0.26146718115318823,0.18523203119338255,0.3895952293280094,0.02462647268810816,0.08796866826018579,0.1809096063453589,1.7213593864023809e-6
0.1,3,OnlineFPCA-sgd,0.1,3100,100,face,3,5,0.561807632446289,0.16996872051208384,0.1598624633230624,0.35440226853871526,0.021309426249954102,0.0883026880384167,0.17976385482908136,1.3270986004870412e-6
0.1,3,OnlineFPCA-sgd,0.1,3200,100,face,3,5,0.582542419433594,0.2097504185311445,0.2532283980266963,0.27061579114188195,0.017704641930968455,0.08884530827468409,0.1801729606555513,1.0290056434960516e-6
0.1,3,OnlineFPCA-sgd,0.1,3300,100,face,3,5,0.56720757484436,0.17942507038208222,0.17668805322847952,0.42438760964078287,0.01606411823105952,0.08939576856001533,0.18147420335439432,1.0290056434960516e-6
0.1,3,OnlineFPCA-sgd,0.1,3400,100,face,3,5,0.555090188980103,0.27425611656519566,0.20557267075187208,0.2747354551705552,0.014100995103926955,0.08763823950733256,0.18351865865644798,1.0290056434960516e-6
0.1,3,OnlineFPCA-sgd,0.1,3500,100,face,3,5,0.588669300079346,0.3087972636595658,0.24713357844768044,0.34050977056434506,0.015987620122699074,0.08760714476348892,0.18462313263346014,1.0290056434960516e-6
0.1,3,OnlineFPCA-sgd,0.1,3600,100,face,3,5,0.572130680084229,0.20618996452069993,0.2117046586355395,0.27405575722220443,0.01983279982341982,0.08744198808094097,0.1849147502364726,1.0290056434960516e-6
0.1,3,OnlineFPCA-sgd,0.1,3700,100,face,3,5,0.574542284011841,0.16898714256145675,0.17978784770735648,0.23614063024938864,0.021005564633018843,0.08719837810862335,0.1859474321036767,1.0290056434960516e-6
0.1,3,OnlineFPCA-sgd,0.1,3800,100,face,3,5,0.573743343353271,0.08881819875583065,0.1364295153981024,0.28602774235522127,0.022802343155379393,0.0838070602580393,0.18517561844184427,8.212112451278124e-7
0.1,3,OnlineFPCA-sgd,0.1,3900,100,face,3,5,0.578788280487061,0.22635011217286174,0.24849956760867095,0.2080127295327184,0.02388546080315804,0.08208252263877883,0.18288493891909524,8.212112451278124e-7
0.1,3,OnlineFPCA-sgd,0.1,4000,100,face,3,5,0.586620330810547,0.024772256949446195,0.08196015735652082,0.1809015241458242,0.024772256949446195,0.08196015735652082,0.1809015241458242,8.212112451278124e-7
0.1,3,OnlineFPCA-sgd,0.1,4100,100,face,3,5,0.57614803314209,0.28957675326780563,0.24527695834716826,0.2510719976134207,0.09079070408840144,0.1406913364332414,0.1825069510511186,8.212112451278124e-7
0.1,3,OnlineFPCA-sgd,0.1,4200,100,face,3,5,0.568624496459961,0.1979204396251048,0.3211884243262939,0.16263885333277653,0.0938633725287466,0.19645167270770394,0.1476961569079934,8.212112451278124e-7
0.1,3,OnlineFPCA-sgd,0.1,4300,100,face,3,5,0.571130752563477,0.23138589944729743,0.1704282439448014,0.2724870912600434,0.0861156226857848,0.17458709727140526,0.1557816757118259,6.677475952805485e-7
0.1,3,OnlineFPCA-sgd,0.1,4400,100,face,3,5,0.573707103729248,0.07763577590076866,0.1881394445122655,0.213251248724832,0.07898527534194509,0.1386593317998662,0.17010443860729577,6.677475952805485e-7
0.1,3,OnlineFPCA-sgd,0.1,4500,100,face,3,5,0.580456972122192,0.164831827723613,0.16495466025669575,0.1287881437705633,0.0599124393008689,0.1397610437576612,0.161858335045861,6.677475952805485e-7
0.1,3,OnlineFPCA-sgd,0.1,4600,100,face,3,5,0.558983564376831,0.19143318699242579,0.22948866613412827,0.19279578954476567,0.051310925018341086,0.13037607217698036,0.15272759151647397,6.677475952805485e-7
0.1,3,OnlineFPCA-sgd,0.1,4700,100,face,3,5,0.558180332183838,0.2368271367610328,0.23291032522483426,0.4078010856163823,0.05337219352389434,0.11450455313200107,0.16587040069644557,6.677475952805485e-7
0.1,3,OnlineFPCA-sgd,0.1,4800,100,face,3,5,0.580140352249146,0.12123459953211896,0.23504379288446453,0.28142970041096266,0.05747961896949835,0.1066946940441056,0.1787825484149896,6.677475952805485e-7
0.1,3,OnlineFPCA-sgd,0.1,4900,100,face,3,5,0.571885824203491,0.17311009575270583,0.09765995744070252,0.319403164431408,0.05574271691479564,0.10128206872178251,0.18507546746060002,6.677475952805485e-7
0.1,3,OnlineFPCA-sgd,0.1,5000,100,face,3,5,0.571219921112061,0.09936038088624158,0.2642530152039521,0.35853391258310957,0.0546784374835905,0.09637756170471287,0.19483250864834734,6.677475952805485e-7
0.1,3,OnlineFPCA-sgd,0.1,5100,100,face,3,5,0.126462459564209,0.11308733252420299,0.29874898453112664,0.3300295034691977,0.055169302673210595,0.10142345079845742,0.2061524416264336,NA
0.1,3,OnlineFPCA-sgd,0.1,5200,100,face,3,5,0.115843057632446,0.3006290588613084,0.12149524215121796,0.40036345548154484,0.05529327992794453,0.1069671162182989,0.22009400489314565,NA
0.1,3,OnlineFPCA-sgd,0.1,5300,100,face,3,5,0.115427017211914,0.1539180590626198,0.18058505638506792,0.19588765162363472,0.05586650838820819,0.10560470384623363,0.22104409992183852,NA
0.1,3,OnlineFPCA-sgd,0.1,5400,100,face,3,5,0.11551570892334,0.12406342530277327,0.14740959335343432,0.31665457312068523,0.054120952491567134,0.10436829214240305,0.22145122335090106,NA
0.1,3,OnlineFPCA-sgd,0.1,5500,100,face,3,5,0.116313457489014,0.15219901465745173,0.19987952590436361,0.2547839300519643,0.04939266012257862,0.10272587234459093,0.22009568965668247,NA
0.1,3,OnlineFPCA-sgd,0.1,5600,100,face,3,5,0.122439861297607,0.1816834654645657,0.056588299444064336,0.15094530609364812,0.043275693222114955,0.09914441950912808,0.21577192749841606,NA
0.1,3,OnlineFPCA-sgd,0.1,5700,100,face,3,5,0.117577791213989,0.08947070615393708,0.0710404466095111,0.2311964349528841,0.03904800836075174,0.09507720387393391,0.21154034491079068,NA
0.1,3,OnlineFPCA-sgd,0.1,5800,100,face,3,5,0.118588447570801,0.264571588597907,0.14686436448431017,0.2533544638254427,0.0360660779067086,0.08929968134459709,0.20961753625105523,NA
0.1,3,OnlineFPCA-sgd,0.1,5900,100,face,3,5,0.11992883682251,0.08684059013935562,0.17327505795978382,0.31114341657124844,0.034569715794077,0.08657033829310795,0.21179975574370624,NA
0.1,3,OnlineFPCA-sgd,0.1,6000,100,face,3,5,0.116700172424316,0.1541937797336307,0.17613052545382843,0.2707228757345346,0.03160433501107912,0.08423664121633159,0.21306408832090767,NA
0.1,3,OnlineFPCA-sgd,0.1,6100,100,face,3,5,0.11644434928894,0.0983383518891197,0.2281366403080047,0.23836129453523897,0.029488542985303536,0.08283182569711428,0.21371368457307555,NA
0.1,3,OnlineFPCA-sgd,0.1,6200,100,face,3,5,0.120637178421021,0.39164008895461244,0.20739234327267986,0.21229175830781066,0.0293739772839234,0.07793436716698819,0.20843467882849762,NA
0.1,3,OnlineFPCA-sgd,0.1,6300,100,face,3,5,0.121092081069946,0.20201151003448609,0.15678660279281215,0.2588683176954797,0.0315413958532439,0.07325026241202585,0.2072639956844075,NA
0.1,3,OnlineFPCA-sgd,0.1,6400,100,face,3,5,0.11983847618103,0.18451443815990415,0.2058001713406694,0.29630001967848,0.03137653117050928,0.07228169930614872,0.2057878192855866,NA
0.1,3,OnlineFPCA-sgd,0.1,6500,100,face,3,5,0.118653297424316,0.19917193527379548,0.09015992853393195,0.2844518072095462,0.029177173795108383,0.07073588150560595,0.20521966807534817,NA
0.1,3,OnlineFPCA-sgd,0.1,6600,100,face,3,5,0.120632171630859,0.19261045303266486,0.16806852356851615,0.22767437106018104,0.02703594112553438,0.0698350771497993,0.20502844394942757,NA
0.1,3,OnlineFPCA-sgd,0.1,6700,100,face,3,5,0.119771242141724,0.11937750442813867,0.12730720928330755,0.23894193168504607,0.026041147224275724,0.06986793335496372,0.20571546946049385,NA
0.1,3,OnlineFPCA-sgd,0.1,6800,100,face,3,5,0.117548704147339,0.21150384365172328,0.08710404207773977,0.30228465180497494,0.02340701786749368,0.06826509569115428,0.20598814930628717,NA
0.1,3,OnlineFPCA-sgd,0.1,6900,100,face,3,5,0.120471477508545,0.19797257571108343,0.13498455578308774,0.32782886212587675,0.02260723450216591,0.06624877201226856,0.2069099789315762,NA
0.1,3,OnlineFPCA-sgd,0.1,7000,100,face,3,5,0.124770641326904,0.18519872065750392,0.05513536707792739,0.2773853498414188,0.02290288395488548,0.06429776702841529,0.20793605841578267,NA
0.1,3,OnlineFPCA-sgd,0.1,7100,100,face,3,5,0.123337984085083,0.11754556867432105,0.2083283401352726,0.24206873693269448,0.02113938885786174,0.06084848373426947,0.20822125700404662,NA
0.1,3,OnlineFPCA-sgd,0.1,7200,100,face,3,5,0.120903491973877,0.11144012025477668,0.12090184655882417,0.27493416732161224,0.019935422801271717,0.06017604015968004,0.20879276431580499,NA
0.1,3,OnlineFPCA-sgd,0.1,7300,100,face,3,5,0.119321584701538,0.2070237512436494,0.2040055994587887,0.2425260818986267,0.019677844657839567,0.06101471512343969,0.20795371486915407,NA
0.1,3,OnlineFPCA-sgd,0.1,7400,100,face,3,5,0.275724172592163,0.152406280933085,0.22806675530052287,0.20167501737547638,0.02060879203253118,0.0634580493079249,0.2052512064111202,NA
0.1,3,OnlineFPCA-sgd,0.1,7500,100,face,3,5,0.121012210845947,0.16215055572274323,0.18835380020554826,0.2721664190328786,0.02111790912691549,0.06428782071849162,0.2056412798843388,NA
0.1,3,OnlineFPCA-sgd,0.1,7600,100,face,3,5,0.116717338562012,0.11338344213042922,0.14798314845079097,0.1320494454395345,0.020623207186316675,0.06534876045062082,0.20463862480235204,NA
0.1,3,OnlineFPCA-sgd,0.1,7700,100,face,3,5,0.121192932128906,0.10079767378947171,0.139403641238488,0.135973166783389,0.019431196268036292,0.06651142136140577,0.20060744682712933,NA
0.1,3,OnlineFPCA-sgd,0.1,7800,100,face,3,5,0.120617866516113,0.2699503719361153,0.12397541794653519,0.1666947421676121,0.02087691606770142,0.06638891095488739,0.1976261923902758,NA
0.1,3,OnlineFPCA-sgd,0.1,7900,100,face,3,5,0.119358777999878,0.16255444671558592,0.08320575905647998,0.19156986344996946,0.02146542614749288,0.06579130340762926,0.19747128440052897,NA
0.1,3,OnlineFPCA-sgd,0.1,8000,100,face,3,5,0.116600036621094,0.21726494468696336,0.09340229349917459,0.21449981614100697,0.021555385238650117,0.06605036784100199,0.19629551252784605,NA
0.1,3,OnlineFPCA-sgd,0.1,8100,100,face,3,5,0.12156343460083,0.17703521934362304,0.08590536241173198,0.23633260073950155,0.020887312043930035,0.06500244608873365,0.19588474484859172,NA
0.1,3,OnlineFPCA-sgd,0.1,8200,100,face,3,5,0.120823621749878,0.164302676627441,0.17303903353169714,0.21758177863599323,0.021055723511172568,0.06428332848729452,0.195863927587543,NA
0.1,3,OnlineFPCA-sgd,0.1,8300,100,face,3,5,0.121263742446899,0.13424117654310921,0.1679499485730011,0.3643567923860438,0.02187099919567648,0.0635507632826207,0.19608988534443095,NA
0.1,3,OnlineFPCA-sgd,0.1,8400,100,face,3,5,0.124783754348755,0.1948419931265785,0.16383780026315217,0.2548727869587579,0.0213867487541395,0.06262044284180154,0.1975082925913711,NA
0.1,3,OnlineFPCA-sgd,0.1,8500,100,face,3,5,0.123764276504517,0.26775229890210783,0.15824215218651594,0.29841238201767095,0.022383023977276345,0.06178619980141088,0.19958213628849544,NA
0.1,3,OnlineFPCA-sgd,0.1,8600,100,face,3,5,0.120286226272583,0.19722971474846057,0.1793917930628624,0.2774035216807686,0.023574374450143053,0.06142839717165061,0.20123707560032927,NA
0.1,3,OnlineFPCA-sgd,0.1,8700,100,face,3,5,0.119141101837158,0.1350018701763316,0.1118152675776732,0.18805764883241974,0.023709475431690746,0.06174431694015008,0.20168447675846168,NA
0.1,3,OnlineFPCA-sgd,0.1,8800,100,face,3,5,0.12409782409668,0.0837126844467694,0.11164909650818258,0.2144387668852656,0.023683925924328948,0.05999377611006194,0.20055991368363785,NA
0.1,3,OnlineFPCA-sgd,0.1,8900,100,face,3,5,0.119558811187744,0.2010567764195674,0.1475972333077813,0.1957887931869472,0.022926035947802424,0.05877759889968384,0.19879835154021971,NA
0.1,3,OnlineFPCA-sgd,0.1,9000,100,face,3,5,0.121665239334106,0.07826226566142629,0.20357335558784354,0.15894550446346933,0.02283121821039462,0.0586940782384716,0.19687794225458413,NA
0.1,3,OnlineFPCA-sgd,0.1,9100,100,face,3,5,0.120291948318481,0.23051111747711134,0.15939923000496214,0.1434254619146999,0.02290043182873019,0.05806970380048534,0.19348666390518493,NA
0.1,3,OnlineFPCA-sgd,0.1,9200,100,face,3,5,0.120464563369751,0.15508660699026952,0.26555749924160044,0.08105295262085689,0.0231858815056111,0.058725008275620175,0.19003966715051893,NA
0.1,3,OnlineFPCA-sgd,0.1,9300,100,face,3,5,0.120683431625366,0.15474913590114972,0.09976704279530482,0.17763753381352326,0.023436472827368805,0.05861548881026197,0.1882000124093704,NA
0.1,3,OnlineFPCA-sgd,0.1,9400,100,face,3,5,0.11896538734436,0.10919092319700213,0.14572856546037177,0.17640331205624346,0.02324001663522901,0.05783689396045322,0.18706528727072305,NA
0.1,3,OnlineFPCA-sgd,0.1,9500,100,face,3,5,0.115643739700317,0.13792175796347492,0.13351718151232178,0.09648036339384623,0.022945163078593133,0.0578798046284213,0.1850702612339966,NA
0.1,3,OnlineFPCA-sgd,0.1,9600,100,face,3,5,0.117671251296997,0.13267026020476674,0.19053059415879714,0.11360057554248189,0.02300070779706913,0.0587132804855092,0.1825285682253489,NA
0.1,3,OnlineFPCA-sgd,0.1,9700,100,face,3,5,0.119005441665649,0.1887851687191443,0.1834140084092452,0.26262544743289074,0.022766737070590622,0.05854093554436507,0.1823340706564882,NA
0.1,3,OnlineFPCA-sgd,0.1,9800,100,face,3,5,0.117901086807251,0.10460888009435354,0.20299419759290885,0.19156820897369578,0.02298168230961437,0.057598422966249584,0.18258930753158878,NA
0.1,3,OnlineFPCA-sgd,0.1,9900,100,face,3,5,0.117656230926514,0.14238217257664001,0.10024850048459917,0.22815371759796116,0.022663030676833743,0.0568245642464597,0.18229050776522893,NA
0.1,3,OnlineFPCA-sgd,0.1,10000,100,face,3,5,0.119614601135254,0.07977985319390485,0.18383031026175198,0.24717715377176025,0.02260948927948382,0.05637432716250857,0.18258315792206833,NA
0.1,3,OnlineFPCA-sgd,0.1,10100,100,face,3,5,0.120859861373901,0.09218139146027574,0.23953582650049426,0.25042049835763214,0.02232947819566649,0.05685716581278094,0.1832841402881293,NA
0.1,3,OnlineFPCA-sgd,0.1,10200,100,face,3,5,0.119318962097168,0.23435464316672755,0.09140475306684945,0.32458128727397306,0.022487973407692343,0.05757568047813299,0.18495370733317332,NA
0.1,3,OnlineFPCA-sgd,0.1,10300,100,face,3,5,0.117263078689575,0.1155993221184782,0.12991781036445466,0.18241130860588153,0.02353143552273439,0.05778652270450453,0.1855421009083757,NA
0.1,3,OnlineFPCA-sgd,0.1,10400,100,face,3,5,0.123717546463013,0.10637137976884947,0.08694056985428511,0.2681590170130334,0.02331471274059703,0.05820060735220006,0.1860500896733341,NA
0.1,3,OnlineFPCA-sgd,0.1,10500,100,face,3,5,0.121660232543945,0.13382656066747595,0.16321681236840324,0.1690714239367227,0.02260639074081326,0.05804724202029589,0.1859867484916939,NA
0.1,3,OnlineFPCA-sgd,0.1,10600,100,face,3,5,0.120422601699829,0.15584349631039948,0.055223006027749474,0.1258898743891711,0.021475962919268645,0.057681565614938354,0.18494177949084098,NA
0.1,3,OnlineFPCA-sgd,0.1,10700,100,face,3,5,0.119506597518921,0.0694951848384746,0.07429800654422217,0.19737550698017006,0.020858030789076852,0.05776512041627413,0.1839688255613989,NA
0.1,3,OnlineFPCA-sgd,0.1,10800,100,face,3,5,0.121428251266479,0.20401041043432794,0.13024665615894387,0.21520185294669295,0.021404089114165314,0.05678237075452677,0.18358151310246862,NA
0.1,3,OnlineFPCA-sgd,0.1,10900,100,face,3,5,0.120850086212158,0.08012038984821684,0.14654741812804276,0.24903528722567053,0.021643761854691097,0.05650834398420526,0.1839607960587835,NA
0.1,3,OnlineFPCA-sgd,0.1,11000,100,face,3,5,0.120844841003418,0.13606569680456115,0.12685807432439045,0.22532052837230274,0.02141487832217211,0.05627957279273065,0.18431658755246721,NA
0.1,3,OnlineFPCA-sgd,0.1,11100,100,face,3,5,0.119136810302734,0.07130937132927825,0.19430810972683618,0.20610213898454122,0.02103937980204337,0.05607704183320277,0.18454384304695762,NA
0.1,3,OnlineFPCA-sgd,0.1,11200,100,face,3,5,0.120611190795898,0.2842533719181623,0.1514087707048588,0.16287137805399285,0.021402384702413967,0.05502826178556229,0.18336926036873571,NA
0.1,3,OnlineFPCA-sgd,0.1,11300,100,face,3,5,0.122835397720337,0.17466364874548485,0.13853382537209538,0.23456357597471855,0.02244215307233918,0.05376923192487825,0.1832119180274169,NA
0.1,3,OnlineFPCA-sgd,0.1,11400,100,face,3,5,0.123399496078491,0.12549674651894782,0.16144148632344665,0.23651657906087598,0.022503493185829476,0.05394698293787154,0.18303323334314095,NA
0.1,3,OnlineFPCA-sgd,0.1,11500,100,face,3,5,0.121643304824829,0.20641715013948733,0.0750939633276275,0.235905898898589,0.022219532914812153,0.05400809202466157,0.1828633164441597,NA
0.1,3,OnlineFPCA-sgd,0.1,11600,100,face,3,5,0.121792554855347,0.1841664802705641,0.15951857486387902,0.2158034909520866,0.021943430753509303,0.05403165083684572,0.18299244718273774,NA
0.1,3,OnlineFPCA-sgd,0.1,11700,100,face,3,5,0.122286796569824,0.10495017196327039,0.10674537321591118,0.2257847021145258,0.021677767963976243,0.054251422545736484,0.18331564966443936,NA
0.1,3,OnlineFPCA-sgd,0.1,11800,100,face,3,5,0.119238615036011,0.12727156093238226,0.07616761668258168,0.25543918091522094,0.020626871578614564,0.053899225096006906,0.18352986258644677,NA
0.1,3,OnlineFPCA-sgd,0.1,11900,100,face,3,5,0.118767499923706,0.15963056745073279,0.12231007577040623,0.2805276189570851,0.0203780341092932,0.05360676023088038,0.18381754564431,NA
0.1,3,OnlineFPCA-sgd,0.1,12000,100,face,3,5,0.125204801559448,0.14818158965806874,0.026977000584199887,0.2485226987132988,0.020712242599262524,0.05332386694887785,0.1841718160956603,NA
0.1,3,OnlineFPCA-sgd,0.1,12100,100,face,3,5,0.119696378707886,0.10036600290382362,0.2001730218619617,0.23203758711835304,0.020243980359119992,0.052400138021407056,0.18445561889026305,NA
0.1,3,OnlineFPCA-sgd,0.1,12200,100,face,3,5,0.122931480407715,0.09298991413854589,0.13162103390965782,0.253946075595185,0.020114451523647117,0.05239883103582578,0.1849192635914926,NA
0.1,3,OnlineFPCA-sgd,0.1,12300,100,face,3,5,0.120087385177612,0.15309330220664352,0.16186583086397482,0.232592197522566,0.020012140865298594,0.05264163046079047,0.1850389022710846,NA
0.1,3,OnlineFPCA-sgd,0.1,12400,100,face,3,5,0.118178129196167,0.11489836349366819,0.18856298609433383,0.1870027572863099,0.020309642865132087,0.053353239281667436,0.18468292440346576,NA
0.1,3,OnlineFPCA-sgd,0.1,12500,100,face,3,5,0.121007442474365,0.1537462865208499,0.16759486470238685,0.2415274996785251,0.02038872358688274,0.053688979871187904,0.1849168976160491,NA
0.1,3,OnlineFPCA-sgd,0.1,12600,100,face,3,5,0.118212938308716,0.08721932611534859,0.1303644513579412,0.1203633724247088,0.020137218759651528,0.05427675741997805,0.18463210907977762,NA
0.1,3,OnlineFPCA-sgd,0.1,12700,100,face,3,5,0.119383096694946,0.07502717794892906,0.12288674734525504,0.10354478465023494,0.019611176279600455,0.05499522543854895,0.183261615509562,NA
0.1,3,OnlineFPCA-sgd,0.1,12800,100,face,3,5,0.11766242980957,0.23658565904539428,0.10793487668925278,0.15160307868560183,0.02034005255943957,0.055048064404820976,0.18221641736983982,NA
0.1,3,OnlineFPCA-sgd,0.1,12900,100,face,3,5,0.121377468109131,0.13218707003406532,0.06145622623955451,0.1834826065708513,0.020652506313173336,0.054824466504100396,0.18227841493692482,NA
0.1,3,OnlineFPCA-sgd,0.1,13000,100,face,3,5,0.123033046722412,0.2254111696971353,0.08111300689038989,0.2063578623032481,0.020751639447066313,0.0548913181821638,0.1820297815007123,NA
0.1,3,OnlineFPCA-sgd,0.1,13100,100,face,3,5,0.12033486366272,0.16426008758334706,0.08324334491729576,0.22871947394638914,0.020583211965134254,0.05443386267570107,0.18200385172623793,NA
0.1,3,OnlineFPCA-sgd,0.1,13200,100,face,3,5,0.117876052856445,0.14398435651646835,0.1442991008321628,0.20970724495438686,0.020520299935925267,0.054020751968478976,0.18207274183946223,NA
0.1,3,OnlineFPCA-sgd,0.1,13300,100,face,3,5,0.119888067245483,0.1146525372944093,0.14629038490635357,0.3337259903406602,0.02076994435049649,0.05362089268526111,0.18224822655670564,NA
0.1,3,OnlineFPCA-sgd,0.1,13400,100,face,3,5,0.11644983291626,0.17376557266617218,0.14183476511825,0.24532023635646436,0.020451847500432267,0.05316100692962039,0.18292439841107772,NA
0.1,3,OnlineFPCA-sgd,0.1,13500,100,face,3,5,0.124864339828491,0.23559073085617968,0.11964566346037378,0.2687699955788864,0.02077444053523779,0.052748109314157285,0.1838343730033692,NA
0.1,3,OnlineFPCA-sgd,0.1,13600,100,face,3,5,0.115773439407349,0.18436083952744317,0.16170790444114602,0.2633464572605471,0.021224181373672754,0.05265363952355134,0.18468544877400989,NA
0.1,3,OnlineFPCA-sgd,0.1,13700,100,face,3,5,0.117455959320068,0.11342422971685992,0.08123020553236798,0.17583923352090833,0.02122486676653416,0.05299967372064915,0.18503599271554808,NA
0.1,3,OnlineFPCA-sgd,0.1,13800,100,face,3,5,0.118760585784912,0.07441380864637172,0.09431031537249059,0.18300943413549642,0.021247163958068607,0.05231874750407914,0.18467151940499532,NA
0.1,3,OnlineFPCA-sgd,0.1,13900,100,face,3,5,0.125517606735229,0.17840338591144478,0.10044890409293038,0.1866242283506936,0.020906372739802014,0.05188475362841801,0.18403091800631904,NA
0.1,3,OnlineFPCA-sgd,0.1,14000,100,face,3,5,0.119751691818237,0.08401280699658899,0.1863034278157101,0.13782334412403957,0.020951647735128774,0.05207684125245886,0.18328875979394368,NA
0.1,3,OnlineFPCA-sgd,0.1,14100,100,face,3,5,0.118486404418945,0.20242311790856202,0.13192446119330237,0.12314354757025912,0.020938616283071598,0.05193469895045174,0.18181338423533427,NA
0.1,3,OnlineFPCA-sgd,0.1,14200,100,face,3,5,0.114777088165283,0.13041716505399495,0.23689810436118586,0.06769656594205516,0.021037906507365842,0.052152387097718834,0.18018281865875865,NA
0.1,3,OnlineFPCA-sgd,0.1,14300,100,face,3,5,0.115757465362549,0.12480851947228815,0.07768513834939746,0.14231739074911076,0.02114052558482589,0.052053529639474516,0.17915963597670287,NA
0.1,3,OnlineFPCA-sgd,0.1,14400,100,face,3,5,0.116106271743774,0.11860166418304456,0.12917878447910866,0.1625504972467088,0.021019275346284973,0.051687873657055496,0.1784774592602849,NA
0.1,3,OnlineFPCA-sgd,0.1,14500,100,face,3,5,0.115815877914429,0.12478690176486416,0.12161570300420216,0.09351086334354891,0.02090393627061444,0.051576013012164267,0.17750368265400282,NA
0.1,3,OnlineFPCA-sgd,0.1,14600,100,face,3,5,0.117275476455688,0.10012147443709556,0.1662738362437445,0.10461563331672476,0.020909073114571266,0.051998963360864625,0.1762129862339828,NA
0.1,3,OnlineFPCA-sgd,0.1,14700,100,face,3,5,0.120748519897461,0.15743217401322113,0.17170339308993895,0.21388160861401517,0.020796642627769455,0.05202154009654534,0.1758924182733708,NA
0.1,3,OnlineFPCA-sgd,0.1,14800,100,face,3,5,0.117655515670776,0.09417481758682728,0.191041774416629,0.1583105517114734,0.02084155231872253,0.05162952744595559,0.17581456855661312,NA
0.1,3,OnlineFPCA-sgd,0.1,14900,100,face,3,5,0.118877172470093,0.12122738347869036,0.11198248227384681,0.191914473905172,0.0206216844169416,0.05129039911275118,0.17549066353016662,NA
0.1,3,OnlineFPCA-sgd,0.1,15000,100,face,3,5,0.117865800857544,0.0703583840400616,0.1532654391163778,0.20742812290692572,0.020550757065339383,0.05107122269263222,0.1754511443781892,NA
0.1,3,OnlineFPCA-adagrad,0.1,0,100,face,3,5,1.80988073348999,0.28702223423878576,0.433399292603681,0.41292972762737284,0.28702223423878576,0.433399292603681,0.41292972762737284,1.0000000000000009e-4
0.1,3,OnlineFPCA-adagrad,0.1,100,100,face,3,5,0.424224138259888,0.8346732579840949,1.0117473646349202,0.452251371405913,NA,NA,NA,5.6234132519034954e-6
0.1,3,OnlineFPCA-adagrad,0.1,200,100,face,3,5,0.45017147064209,0.3995995312513915,0.3984148484494712,0.6170366588349198,NA,NA,NA,3.307236545548826e-5
0.1,3,OnlineFPCA-adagrad,0.1,300,100,face,3,5,0.429266691207886,0.664316382916368,0.589958522435723,0.47852624648107644,NA,NA,NA,3.307236545548826e-5
0.1,3,OnlineFPCA-adagrad,0.1,400,100,face,3,5,0.42653751373291,0.09129224420261105,0.2870946709251642,0.2901912928661341,NA,NA,NA,3.307236545548826e-5
0.1,3,OnlineFPCA-adagrad,0.1,500,100,face,3,5,0.438220024108887,0.4172635219149378,0.4700726999630445,0.21352052699145813,NA,NA,NA,1.301071336502714e-5
0.1,3,OnlineFPCA-adagrad,0.1,600,100,face,3,5,0.42881441116333,0.2501637701763344,0.4926523218827202,0.2239555652518914,NA,NA,NA,2.9574664721995856e-5
0.1,3,OnlineFPCA-adagrad,0.1,700,100,face,3,5,0.439809560775757,0.20189996089184079,0.45928618555131145,0.20124776950697326,NA,NA,NA,6.181030614017111e-5
0.1,3,OnlineFPCA-adagrad,0.1,800,100,face,3,5,0.427632093429565,0.1371902664068846,0.41341272516273303,0.17345799109721122,NA,NA,NA,1.209577513316569e-4
0.1,3,OnlineFPCA-adagrad,0.1,900,100,face,3,5,0.434665441513062,0.09786630198448402,0.37602525420460814,0.1443758350919826,NA,NA,NA,2.244559956388845e-4
0.1,3,OnlineFPCA-adagrad,0.1,1000,100,face,3,5,0.43330717086792,0.07096397686741315,0.3384487345907464,0.1154667846627339,NA,NA,NA,1.2639311617261147e-4
0.1,3,OnlineFPCA-adagrad,0.1,1100,100,face,3,5,0.589329242706299,0.11341264206520744,0.09987266231201619,0.11777616004839099,0.07456285407500339,0.10215733059007259,0.09874866804210695,1.2639311617261147e-4
0.1,3,OnlineFPCA-adagrad,0.1,1200,100,face,3,5,0.599106073379517,0.13361323451794585,0.18252254560928755,0.21454550224533747,0.043658324882491245,0.06659909936308499,0.1015677706847627,2.0953085935879195e-4
0.1,3,OnlineFPCA-adagrad,0.1,1300,100,face,3,5,0.595616579055786,0.42226723514322845,0.21908985756482197,0.28251454300430623,0.033457931882075895,0.06144901307775441,0.14826639432357794,1.2992272608986492e-4
0.1,3,OnlineFPCA-adagrad,0.1,1400,100,face,3,5,0.589839935302734,0.2555670290271325,0.2104627341093185,0.2510333782618038,0.040568538031675656,0.07813652755962354,0.16784850925118316,1.2992272608986492e-4
0.1,3,OnlineFPCA-adagrad,0.1,1500,100,face,3,5,0.751607179641724,0.1371028105984692,0.14944103761044267,0.20464956360982794,0.034492451343729746,0.060874994985543426,0.16424389835873734,8.43153232695468e-5
0.1,3,OnlineFPCA-adagrad,0.1,1600,100,face,3,5,0.599550247192383,0.10379155405902735,0.14672848447750697,0.2080727836089198,0.03411364457692923,0.06450340296354698,0.16616627458856292,8.43153232695468e-5
0.1,3,OnlineFPCA-adagrad,0.1,1700,100,face,3,5,0.595378637313843,0.09918910963343845,0.13589734238974083,0.2088883693551982,0.03911026168833156,0.07107345816130009,0.16943379886294108,3.818151713258107e-5
0.1,3,OnlineFPCA-adagrad,0.1,1800,100,face,3,5,0.593288660049438,0.10045318717385687,0.12715758607694488,0.20685133381916837,0.04471553250979411,0.07635840135908113,0.1726765526876435,3.818151713258107e-5
0.1,3,OnlineFPCA-adagrad,0.1,1900,100,face,3,5,0.594866752624512,0.09058760395521152,0.11266450302146101,0.20919911399451574,0.048689134370038335,0.07941489841463911,0.1757230905218024,2.6467445707071974e-5
0.1,3,OnlineFPCA-adagrad,0.1,2000,100,face,3,5,0.599504232406616,0.08662665985978361,0.11303652395420832,0.20335891958771266,0.051164658195474895,0.08225703882230093,0.17823370332346322,1.8585897067786637e-5
0.1,3,OnlineFPCA-adagrad,0.1,2100,100,face,3,5,0.587907552719116,0.15657207387279987,0.24097301903039142,0.2786033288442655,0.04790207537767479,0.07824409336897435,0.18265159629795313,1.8585897067786637e-5
0.1,3,OnlineFPCA-adagrad,0.1,2200,100,face,3,5,0.578576564788818,0.18092349452125236,0.12482735899114154,0.2904427251648043,0.04344933430355922,0.07502726063622359,0.19079677869303371,1.8585897067786637e-5
0.1,3,OnlineFPCA-adagrad,0.1,2300,100,face,3,5,0.588669776916504,0.2485203876327209,0.27286377724275657,0.2351279692718887,0.04006002404977426,0.08230559714953392,0.19075592201856667,1.3488506972191678e-5
0.1,3,OnlineFPCA-adagrad,0.1,2400,100,face,3,5,0.57890510559082,0.23901157703929166,0.21500500595415098,0.278369350535642,0.03949027010040443,0.08665757816593753,0.18807322154219158,9.881677021084947e-6
0.1,3,OnlineFPCA-adagrad,0.1,2500,100,face,3,5,0.593148946762085,0.1745829804848855,0.22035658928583607,0.34131975377242924,0.03510931755998668,0.0872873065462038,0.194672737429333,9.881677021084947e-6
0.1,3,OnlineFPCA-adagrad,0.1,2600,100,face,3,5,0.63911509513855,0.08852835082953195,0.16445617741934224,0.14762356217536596,0.031668812880562947,0.08654635483609649,0.1932513523626238,9.881677021084947e-6
0.1,3,OnlineFPCA-adagrad,0.1,2700,100,face,3,5,0.64220404624939,0.0914988338051116,0.15727635600349638,0.20363964713332142,0.027751402632314046,0.08471367103772184,0.18583510241321566,7.41979625817969e-6
0.1,3,OnlineFPCA-adagrad,0.1,2800,100,face,3,5,0.641657829284668,0.16920872010399635,0.10472443477556305,0.2026488998497733,0.02280679059695573,0.08218286880219638,0.1810896989308301,7.41979625817969e-6
0.1,3,OnlineFPCA-adagrad,0.1,2900,100,face,3,5,0.630577325820923,0.08002546043365105,0.087476229396446,0.2213445129644181,0.021967040681582957,0.08022759896752259,0.1839947210651122,7.41979625817969e-6
0.1,3,OnlineFPCA-adagrad,0.1,3000,100,face,3,5,0.658677101135254,0.170313700211035,0.14796888460096044,0.27030635398503844,0.021898448002171556,0.08015678923669259,0.18271134520189194,7.41979625817969e-6
0.1,3,OnlineFPCA-adagrad,0.1,3100,100,face,3,5,0.63092041015625,0.15525842426182312,0.08082667501948687,0.268025645597025,0.01909131992878801,0.07852181131246748,0.18582154636943501,5.7203633987838755e-6
0.1,3,OnlineFPCA-adagrad,0.1,3200,100,face,3,5,0.653016567230225,0.12157066407823483,0.17782870476172463,0.24631276106578123,0.0165740531198875,0.07684231941455968,0.1874041285113463,4.435455073222602e-6
0.1,3,OnlineFPCA-adagrad,0.1,3300,100,face,3,5,0.63918399810791,0.0993957469056096,0.12286468561403414,0.4529060953815227,0.01500875409716513,0.07469645830786933,0.19021281484099262,4.435455073222602e-6
0.1,3,OnlineFPCA-adagrad,0.1,3400,100,face,3,5,0.647224426269531,0.13633551882665987,0.1335388191887547,0.28208763265627296,0.015617267266761157,0.07088239074489305,0.19145390644110702,4.435455073222602e-6
0.1,3,OnlineFPCA-adagrad,0.1,3500,100,face,3,5,0.640779256820679,0.14176240977695892,0.14598242588240415,0.24548499525859557,0.01501761782224161,0.06932132852973985,0.19187245926901697,4.435455073222602e-6
0.1,3,OnlineFPCA-adagrad,0.1,3600,100,face,3,5,0.629956960678101,0.15011026596841662,0.1686291312463441,0.16711556153134058,0.015003342045887925,0.06818313174488982,0.19105495054609867,4.435455073222602e-6
0.1,3,OnlineFPCA-adagrad,0.1,3700,100,face,3,5,0.778115272521973,0.07444466573296457,0.07268617408450874,0.12050667599496424,0.01429460396479306,0.06756128387329108,0.18988438904883645,4.435455073222602e-6
0.1,3,OnlineFPCA-adagrad,0.1,3800,100,face,3,5,0.633517980575562,0.06218743195880164,0.11845841647662249,0.2766196613259212,0.014460985037773901,0.06482415078721199,0.18673755176370824,3.5397722125355687e-6
0.1,3,OnlineFPCA-adagrad,0.1,3900,100,face,3,5,0.630619764328003,0.14961905152845645,0.1984254077334505,0.21222396393949833,0.015614498710353522,0.06276421307412297,0.18274736371856032,2.836466075075939e-6
0.1,3,OnlineFPCA-adagrad,0.1,4000,100,face,3,5,0.642899751663208,0.01764640892263986,0.06230146450915252,0.17875754743030547,0.01764640892263986,0.06230146450915252,0.17875754743030547,2.836466075075939e-6
0.1,3,OnlineFPCA-adagrad,0.1,4100,100,face,3,5,0.646314859390259,0.13648137413853223,0.14190946736523707,0.2326004610175771,0.0630722311129969,0.09099503187046037,0.20332017906414201,2.836466075075939e-6
0.1,3,OnlineFPCA-adagrad,0.1,4200,100,face,3,5,0.649300336837769,0.10242064230230356,0.2541867300657547,0.1794790099459258,0.072109342034334,0.13500379693782943,0.17443394848641774,2.836466075075939e-6
0.1,3,OnlineFPCA-adagrad,0.1,4300,100,face,3,5,0.69208836555481,0.11233653025323152,0.13377619748434846,0.244573462744598,0.06017988710595581,0.1289005257541168,0.1718989479973231,2.306402173574751e-6
0.1,3,OnlineFPCA-adagrad,0.1,4400,100,face,3,5,0.672473669052124,0.1182644385522428,0.17851872028741136,0.23465937281184066,0.05884211998513389,0.10693018143142524,0.18065547397549556,1.8815974608755115e-6
0.1,3,OnlineFPCA-adagrad,0.1,4500,100,face,3,5,0.645323991775513,0.11116443608334736,0.17013143228261687,0.15622145936210013,0.046777969528585525,0.11526697608981962,0.17035499788667155,1.8815974608755115e-6
0.1,3,OnlineFPCA-adagrad,0.1,4600,100,face,3,5,0.649326086044312,0.0958892667376789,0.18440599634971994,0.1406636364021607,0.03479484076150791,0.11224143595729551,0.15947520251146527,1.8815974608755115e-6
0.1,3,OnlineFPCA-adagrad,0.1,4700,100,face,3,5,0.638573408126831,0.10916090682506503,0.21955388580476506,0.30827668383910156,0.03201792410279455,0.094843553767514,0.1580484098377552,1.549199912798233e-6
0.1,3,OnlineFPCA-adagrad,0.1,4800,100,face,3,5,0.646176815032959,0.08747813582243322,0.2250172140080108,0.12673928005591886,0.03601717811739145,0.08809689396863353,0.15399620735843533,1.549199912798233e-6
0.1,3,OnlineFPCA-adagrad,0.1,4900,100,face,3,5,0.645671606063843,0.1046965807264835,0.1325572611190912,0.20836980265957225,0.03760893821760794,0.08412179200736485,0.14810759298847417,1.549199912798233e-6
0.1,3,OnlineFPCA-adagrad,0.1,5000,100,face,3,5,0.659033536911011,0.07562269365213564,0.21076906640436668,0.23970685455843643,0.038702517947908875,0.08069669597832088,0.14810850088652897,1.549199912798233e-6
0.1,3,OnlineFPCA-adagrad,0.1,5100,100,face,3,5,0.125863790512085,0.08287843630794023,0.29458092305530975,0.26040396146009154,0.03939441938555234,0.08638929361485351,0.1537858188501376,NA
0.1,3,OnlineFPCA-adagrad,0.1,5200,100,face,3,5,0.13079833984375,0.174283494634797,0.13344100076107884,0.36821477607357445,0.040030645204476294,0.09351187067088426,0.16703712937998558,NA
0.1,3,OnlineFPCA-adagrad,0.1,5300,100,face,3,5,0.126115083694458,0.07981865605264378,0.14087891110233058,0.1745088815458372,0.04120010702369312,0.09276344496325777,0.16918232854047308,NA
0.1,3,OnlineFPCA-adagrad,0.1,5400,100,face,3,5,0.13004469871521,0.09528081252641303,0.14772274388060588,0.3092286559694119,0.03893130422407465,0.09186519317243551,0.17268991862754346,NA
0.1,3,OnlineFPCA-adagrad,0.1,5500,100,face,3,5,0.131527423858643,0.029588428834355432,0.16549992479434322,0.06410733028649794,0.03574971042885311,0.08923636236280501,0.16922361822894483,NA
0.1,3,OnlineFPCA-adagrad,0.1,5600,100,face,3,5,0.134484052658081,0.09513002134985446,0.09853903772704456,0.07496523539060783,0.031223610272523527,0.08569849141135523,0.1595408311096999,NA
0.1,3,OnlineFPCA-adagrad,0.1,5700,100,face,3,5,0.133333683013916,0.06240427669763225,0.08611918750737171,0.25219445375310495,0.02825943955591073,0.08215263031134627,0.15410852776955572,NA
0.1,3,OnlineFPCA-adagrad,0.1,5800,100,face,3,5,0.131649017333984,0.12424259124474965,0.1275872973666786,0.26233441436329374,0.02704805144352482,0.07645447056345776,0.155240011544386,NA
0.1,3,OnlineFPCA-adagrad,0.1,5900,100,face,3,5,0.133254528045654,0.07527120107301478,0.13503213811094494,0.22616852623279116,0.02677983454405242,0.07348196697389758,0.15607504457000226,NA
0.1,3,OnlineFPCA-adagrad,0.1,6000,100,face,3,5,0.131000518798828,0.12435617751635175,0.10773360382053734,0.20505181725944346,0.024260549850223044,0.07157592078201769,0.1555282198296332,NA
0.1,3,OnlineFPCA-adagrad,0.1,6100,100,face,3,5,0.132409811019897,0.05775061923372793,0.18720447430648376,0.21494351198702177,0.02312437922373848,0.06970273338004698,0.15626414201655703,NA
0.1,3,OnlineFPCA-adagrad,0.1,6200,100,face,3,5,0.137755155563354,0.13529694123685362,0.15988863686500607,0.2069865937355822,0.022973739409560167,0.06474516855414351,0.15238305035976585,NA
0.1,3,OnlineFPCA-adagrad,0.1,6300,100,face,3,5,0.126012086868286,0.10589816882565115,0.14954714257322063,0.28878479497816234,0.023411274697331595,0.06021630603703006,0.1550111098621156,NA
0.1,3,OnlineFPCA-adagrad,0.1,6400,100,face,3,5,0.132664680480957,0.09685332746430333,0.18281100041048903,0.24027174730739592,0.02264517008368792,0.05951702207563959,0.15690828075478236,NA
0.1,3,OnlineFPCA-adagrad,0.1,6500,100,face,3,5,0.132234573364258,0.16290863927415777,0.0914304977932677,0.23410486873007166,0.02284701015401313,0.0588185055996159,0.1570709102854741,NA
0.1,3,OnlineFPCA-adagrad,0.1,6600,100,face,3,5,0.127918243408203,0.13629676974564686,0.14009686494149723,0.18340950929738736,0.02336890284914428,0.05820526218777459,0.1571199746371597,NA
0.1,3,OnlineFPCA-adagrad,0.1,6700,100,face,3,5,0.131688117980957,0.06310228853978314,0.09823226318923937,0.20221606275950413,0.02323586426398607,0.058460787606702806,0.15777188532715114,NA
0.1,3,OnlineFPCA-adagrad,0.1,6800,100,face,3,5,0.130917310714722,0.0570809157769217,0.07978742715842793,0.24537147754313016,0.02186154808896687,0.05711179500117645,0.15775318927342152,NA
0.1,3,OnlineFPCA-adagrad,0.1,6900,100,face,3,5,0.130199432373047,0.08164577853077382,0.1444654072337035,0.24838429356620995,0.02082805919634839,0.05603122807041498,0.15781324467444832,NA
0.1,3,OnlineFPCA-adagrad,0.1,7000,100,face,3,5,0.134972810745239,0.09585332100931235,0.027834123823912125,0.23676399882566052,0.0210214639908475,0.05481135025294092,0.15875697730806532,NA
0.1,3,OnlineFPCA-adagrad,0.1,7100,100,face,3,5,0.129777908325195,0.11298573178453451,0.15803902983034424,0.42805440141765894,0.019495064054164242,0.05191754694765592,0.16131856408929132,NA
0.1,3,OnlineFPCA-adagrad,0.1,7200,100,face,3,5,0.131277561187744,0.1139147633125004,0.1134062930958319,0.40314841936969525,0.01826257572187247,0.05172903512850981,0.16708421338905186,NA
0.1,3,OnlineFPCA-adagrad,0.1,7300,100,face,3,5,0.132705688476562,0.09718770553531328,0.1616238000553385,0.3087559816310619,0.01730319364078255,0.05235430349158338,0.17045360424940417,NA
0.1,3,OnlineFPCA-adagrad,0.1,7400,100,face,3,5,0.12987756729126,0.0688281259355898,0.18789604679451902,0.20678120812669964,0.017100933094103828,0.05445911409889148,0.1710577541165677,NA
0.1,3,OnlineFPCA-adagrad,0.1,7500,100,face,3,5,0.130836725234985,0.08951454359324923,0.17823166768346377,0.28273026021141756,0.017550172371014396,0.055809635950344445,0.17235602894829277,NA
0.1,3,OnlineFPCA-adagrad,0.1,7600,100,face,3,5,0.137070178985596,0.05718469169907405,0.13657779837424652,0.11177924582452062,0.017476562312966185,0.05757453250116176,0.17167121099901614,NA
0.1,3,OnlineFPCA-adagrad,0.1,7700,100,face,3,5,0.127140522003174,0.0551466968000754,0.13506742748966447,0.17060168800426334,0.016716595021406704,0.0590828822512296,0.16735353651538598,NA
0.1,3,OnlineFPCA-adagrad,0.1,7800,100,face,3,5,0.13335394859314,0.14045279396902935,0.10576559979397376,0.18436924350708603,0.01715766851780466,0.05897272244095047,0.16532448454031606,NA
0.1,3,OnlineFPCA-adagrad,0.1,7900,100,face,3,5,0.131036758422852,0.0799030008712284,0.059679716933610724,0.19261454306787404,0.017307574209152146,0.0581245167520588,0.1665671049720205,NA
0.1,3,OnlineFPCA-adagrad,0.1,8000,100,face,3,5,0.131727457046509,0.1355861938603675,0.1000162052165248,0.24026617491318655,0.01715351816909235,0.05866614707868409,0.16577726848786792,NA
0.1,3,OnlineFPCA-adagrad,0.1,8100,100,face,3,5,0.12791633605957,0.13741650067731434,0.0850247068688519,0.24409930843787972,0.016416904084502502,0.05817398155690311,0.16528409568042213,NA
0.1,3,OnlineFPCA-adagrad,0.1,8200,100,face,3,5,0.131048202514648,0.10525555887501406,0.13754378624762548,0.2234378189234337,0.0160382237892937,0.05771435449528282,0.1652841358955143,NA
0.1,3,OnlineFPCA-adagrad,0.1,8300,100,face,3,5,0.127389192581177,0.0767264767196323,0.09925038344428744,0.3928350896708743,0.016239992177596196,0.0569961108246532,0.16664016425158365,NA
0.1,3,OnlineFPCA-adagrad,0.1,8400,100,face,3,5,0.132275581359863,0.11713624665379449,0.13136519329517563,0.2493505828864317,0.016219309261409888,0.05605334089099769,0.1689534646583149,NA
0.1,3,OnlineFPCA-adagrad,0.1,8500,100,face,3,5,0.134837865829468,0.12241883615269336,0.10900710871066153,0.2408866920165505,0.016108301227907136,0.055094239569678696,0.17085916273452487,NA
0.1,3,OnlineFPCA-adagrad,0.1,8600,100,face,3,5,0.130903482437134,0.13992797631480522,0.14242152731917343,0.20286102254964158,0.016051573711979652,0.05496562358800159,0.1721445346480681,NA
0.1,3,OnlineFPCA-adagrad,0.1,8700,100,face,3,5,0.129645586013794,0.0696123323685481,0.028417376173118226,0.11191259772889836,0.015702036651792255,0.05540988605239561,0.1715894687568616,NA
0.1,3,OnlineFPCA-adagrad,0.1,8800,100,face,3,5,0.132748365402222,0.047030570844924374,0.09704772420953708,0.19327706374358866,0.015389623948364966,0.05409230620233175,0.16928895047287248,NA
0.1,3,OnlineFPCA-adagrad,0.1,8900,100,face,3,5,0.129130601882935,0.1277434091673904,0.1218449056929358,0.17879888784108366,0.014820772710095886,0.05311603107581614,0.16683629537715888,NA
0.1,3,OnlineFPCA-adagrad,0.1,9000,100,face,3,5,0.13119912147522,0.07840442652702737,0.18172753310296422,0.15786208678815733,0.014965191886480348,0.053240367898135514,0.16442739240410434,NA
0.1,3,OnlineFPCA-adagrad,0.1,9100,100,face,3,5,0.130168437957764,0.09817520170280607,0.14191585448524177,0.20087671210059457,0.014856959761709792,0.05290847560789607,0.16040511205884272,NA
0.1,3,OnlineFPCA-adagrad,0.1,9200,100,face,3,5,0.129398345947266,0.07223822926477569,0.2173440219517583,0.07033414565925986,0.014837990604046824,0.05344194726627624,0.15619546386320995,NA
0.1,3,OnlineFPCA-adagrad,0.1,9300,100,face,3,5,0.130201578140259,0.08874943405889295,0.07931035396107615,0.15206050620426687,0.015431358210416203,0.053215235543498836,0.15438738954075512,NA
0.1,3,OnlineFPCA-adagrad,0.1,9400,100,face,3,5,0.128939151763916,0.11298283716624077,0.12844077159497072,0.19969511433140044,0.015623095699284351,0.05266325831409004,0.1535881592139188,NA
0.1,3,OnlineFPCA-adagrad,0.1,9500,100,face,3,5,0.131277322769165,0.08226982014102094,0.1361700133589574,0.1184114470326721,0.015510065263975635,0.052800700699564045,0.15220421154321606,NA
0.1,3,OnlineFPCA-adagrad,0.1,9600,100,face,3,5,0.133880853652954,0.08908727044823041,0.12349007615237212,0.11480047830841587,0.015582885427241608,0.053386352833004025,0.15006451850129993,NA
0.1,3,OnlineFPCA-adagrad,0.1,9700,100,face,3,5,0.13238263130188,0.09106504113130667,0.18363402029232145,0.2167125567766678,0.015364817650885978,0.053144431032724794,0.15013644107804727,NA
0.1,3,OnlineFPCA-adagrad,0.1,9800,100,face,3,5,0.130589008331299,0.07445147747718928,0.200303591475508,0.10138689316261751,0.01589610237711941,0.052524476083676025,0.1500060092177603,NA
0.1,3,OnlineFPCA-adagrad,0.1,9900,100,face,3,5,0.130072593688965,0.07089462947435315,0.13397437542943963,0.1554426652030567,0.016056607699574618,0.05207744771218368,0.14910028218577379,NA
0.1,3,OnlineFPCA-adagrad,0.1,10000,100,face,3,5,0.131569862365723,0.06809910423132864,0.15447455056358178,0.19160570034109023,0.016287623390175344,0.051886191384791794,0.1489452528063883,NA
0.1,3,OnlineFPCA-adagrad,0.1,10100,100,face,3,5,0.132809400558472,0.06678238596994093,0.22393167460995095,0.2245733331799053,0.016058014636016173,0.052419037351280694,0.14948736503546498,NA
0.1,3,OnlineFPCA-adagrad,0.1,10200,100,face,3,5,0.130751609802246,0.13072503286029208,0.1174281881775128,0.31307532101696156,0.016068525930186497,0.05319944824988208,0.15136881622228665,NA
0.1,3,OnlineFPCA-adagrad,0.1,10300,100,face,3,5,0.13030743598938,0.08029036193578548,0.11594533418684728,0.16651258703634986,0.01647258138382769,0.05355433809086429,0.15224227424089898,NA
0.1,3,OnlineFPCA-adagrad,0.1,10400,100,face,3,5,0.135318517684937,0.08003608004341006,0.07740602798591374,0.2536444169145266,0.01610730338634778,0.05407789258026086,0.1532742952836488,NA
0.1,3,OnlineFPCA-adagrad,0.1,10500,100,face,3,5,0.129552602767944,0.03013474416345224,0.14488078147951083,0.05864036817729481,0.015916415941909363,0.05410352210094357,0.15294154634385415,NA
0.1,3,OnlineFPCA-adagrad,0.1,10600,100,face,3,5,0.131098747253418,0.07387909039109684,0.0846830431382419,0.07605282008657811,0.015504268541605103,0.05415594236591509,0.15085289316475936,NA
0.1,3,OnlineFPCA-adagrad,0.1,10700,100,face,3,5,0.131444215774536,0.04862322099711228,0.08370002161221836,0.20739826004920262,0.01503046668667509,0.054519405157038486,0.14936961073864188,NA
0.1,3,OnlineFPCA-adagrad,0.1,10800,100,face,3,5,0.133050680160522,0.08504107080172617,0.1033475789479247,0.2253367084259521,0.0152764180656517,0.05367463882795935,0.14929814837742522,NA
0.1,3,OnlineFPCA-adagrad,0.1,10900,100,face,3,5,0.130253553390503,0.0683775899352203,0.1046703114504521,0.174382270079853,0.015467342417240086,0.05329318090620896,0.14926603026094432,NA
0.1,3,OnlineFPCA-adagrad,0.1,11000,100,face,3,5,0.131243705749512,0.09296129859471812,0.07879840609532741,0.16779802612243927,0.015186986197287328,0.052973250801550915,0.14909276215731893,NA
0.1,3,OnlineFPCA-adagrad,0.1,11100,100,face,3,5,0.131850481033325,0.06397517873790762,0.1450764997962082,0.17794807887964675,0.014897669033885817,0.05270397869899147,0.14917853453880586,NA
0.1,3,OnlineFPCA-adagrad,0.1,11200,100,face,3,5,0.133296489715576,0.10668938329973766,0.1180486853562479,0.15782602361446654,0.014956551287981262,0.05153844472694621,0.14800990768645408,NA
0.1,3,OnlineFPCA-adagrad,0.1,11300,100,face,3,5,0.129908800125122,0.08018006953905785,0.12226735995195266,0.2523269529689247,0.015331466591418857,0.050245183590325974,0.14847635439370693,NA
0.1,3,OnlineFPCA-adagrad,0.1,11400,100,face,3,5,0.133028984069824,0.08453987880929635,0.13921055353832856,0.21611945085650788,0.01497321304904685,0.05024651954175475,0.149086173745105,NA
0.1,3,OnlineFPCA-adagrad,0.1,11500,100,face,3,5,0.129158973693848,0.13238616521730232,0.07157145877290327,0.20306057399940625,0.01510310475105543,0.050488108088198994,0.14918658957959374,NA
0.1,3,OnlineFPCA-adagrad,0.1,11600,100,face,3,5,0.134646415710449,0.11540233703007442,0.12374102485888597,0.1851112951807281,0.015541471845044307,0.050200240300795534,0.14943215116344558,NA
0.1,3,OnlineFPCA-adagrad,0.1,11700,100,face,3,5,0.130939483642578,0.058002180585517274,0.0829289519055685,0.20442411594984164,0.01565497010878241,0.050214594998972115,0.14980781733076073,NA
0.1,3,OnlineFPCA-adagrad,0.1,11800,100,face,3,5,0.129403591156006,0.05562154962762184,0.06665645118751769,0.2166731240731333,0.015075569662038511,0.049945940426297956,0.1500271255591929,NA
0.1,3,OnlineFPCA-adagrad,0.1,11900,100,face,3,5,0.13113260269165,0.05801275693170351,0.11815791912424348,0.22410227192671567,0.01479593382195091,0.04986471228017186,0.1501967415393076,NA
0.1,3,OnlineFPCA-adagrad,0.1,12000,100,face,3,5,0.132644414901733,0.08739989927774047,0.02088427708581704,0.21006945194677012,0.015127599267633855,0.04979433248854442,0.15048942544913177,NA
0.1,3,OnlineFPCA-adagrad,0.1,12100,100,face,3,5,0.132938385009766,0.11676164849979756,0.14818956301289501,0.3812822186500602,0.01492945733097554,0.04907576887262084,0.1514128423435899,NA
0.1,3,OnlineFPCA-adagrad,0.1,12200,100,face,3,5,0.135128974914551,0.11659507884885578,0.11762546130310822,0.37469058692795504,0.014812018526489066,0.049123714713727236,0.1535759972604405,NA
0.1,3,OnlineFPCA-adagrad,0.1,12300,100,face,3,5,0.131147861480713,0.07327881722717283,0.14393287109360292,0.3113834066500945,0.01456182921615756,0.0492584847352672,0.1551386083081025,NA
0.1,3,OnlineFPCA-adagrad,0.1,12400,100,face,3,5,0.1282639503479,0.05821978827664638,0.1584753890389515,0.21911955359002294,0.014436745117772438,0.04984863805314981,0.1558954198305316,NA
0.1,3,OnlineFPCA-adagrad,0.1,12500,100,face,3,5,0.134025573730469,0.06530694358284193,0.15503782709992747,0.2616895776760961,0.014498049303896619,0.050350521526731244,0.1566593789332758,NA
0.1,3,OnlineFPCA-adagrad,0.1,12600,100,face,3,5,0.140036582946777,0.05219211872850147,0.12929556590585867,0.10864760924905868,0.01433122097974851,0.05117769762859691,0.15664436066130727,NA
0.1,3,OnlineFPCA-adagrad,0.1,12700,100,face,3,5,0.128740549087524,0.038560062680342094,0.12512959827684766,0.13648229221647085,0.014039417120132989,0.05206132246789594,0.15527753567721844,NA
0.1,3,OnlineFPCA-adagrad,0.1,12800,100,face,3,5,0.136682271957397,0.11981068338955078,0.10074491735821343,0.1737977593166163,0.014428748897583615,0.05222164256984142,0.1545931212895297,NA
0.1,3,OnlineFPCA-adagrad,0.1,12900,100,face,3,5,0.13411283493042,0.0734194889111341,0.049383313272109465,0.18527556107319995,0.01467440668609954,0.05197761787985594,0.15519125028419406,NA
0.1,3,OnlineFPCA-adagrad,0.1,13000,100,face,3,5,0.13456130027771,0.12299880882364839,0.08676337847118346,0.219555057954092,0.01486290769226211,0.05217492470125683,0.1551303195881319,NA
0.1,3,OnlineFPCA-adagrad,0.1,13100,100,face,3,5,0.134886026382446,0.12405834927182431,0.07964705712344926,0.23008166011964445,0.014871885405332035,0.052027220938852134,0.15514941559745812,NA
0.1,3,OnlineFPCA-adagrad,0.1,13200,100,face,3,5,0.136134386062622,0.09370456616907388,0.11605986565216674,0.21083543833083887,0.014794472650644678,0.0518345263411965,0.1552833367168492,NA
0.1,3,OnlineFPCA-adagrad,0.1,13300,100,face,3,5,0.134422540664673,0.06633889160947029,0.08786159817651477,0.3497441925456113,0.01493398849741181,0.0515330425646283,0.15587295077967764,NA
0.1,3,OnlineFPCA-adagrad,0.1,13400,100,face,3,5,0.133569478988647,0.10059555258027932,0.12134706563594813,0.2340179611663104,0.015030076324016607,0.05121213635092377,0.1569086305661796,NA
0.1,3,OnlineFPCA-adagrad,0.1,13500,100,face,3,5,0.1343674659729,0.10808368954719794,0.10140939992791893,0.227023992588249,0.015015943724038286,0.05085295011356521,0.1578129841896026,NA
0.1,3,OnlineFPCA-adagrad,0.1,13600,100,face,3,5,0.136314153671265,0.1283690936027598,0.13079881296336318,0.19846046575921156,0.01501890651932315,0.05084787767308878,0.15842075588596916,NA
0.1,3,OnlineFPCA-adagrad,0.1,13700,100,face,3,5,0.133209943771362,0.061773496026771665,0.028393096224329874,0.10889372541254101,0.014914371172312525,0.05115999200179031,0.15828210915637525,NA
0.1,3,OnlineFPCA-adagrad,0.1,13800,100,face,3,5,0.131769418716431,0.03934402274657502,0.08365004280613977,0.14859858998237024,0.014710954023029663,0.05066968880244416,0.15739172519925082,NA
0.1,3,OnlineFPCA-adagrad,0.1,13900,100,face,3,5,0.132119417190552,0.1123309284566413,0.08509788467294795,0.16622618359420435,0.01446284052333214,0.050315753033998344,0.15640396107243215,NA
0.1,3,OnlineFPCA-adagrad,0.1,14000,100,face,3,5,0.132264137268066,0.07669412482877029,0.16674665796955973,0.13220546852355738,0.014518252962498876,0.05047922179957542,0.1554332458214498,NA
0.1,3,OnlineFPCA-adagrad,0.1,14100,100,face,3,5,0.131986618041992,0.08590901199173703,0.12432377638518366,0.16513434925502754,0.014480088156760261,0.050404655115599536,0.15368835539540637,NA
0.1,3,OnlineFPCA-adagrad,0.1,14200,100,face,3,5,0.13039755821228,0.062349018024057914,0.19563228758993276,0.0578300662797536,0.01445122453270076,0.05058338535915412,0.1517512908873658,NA
0.1,3,OnlineFPCA-adagrad,0.1,14300,100,face,3,5,0.134547472000122,0.0802275809529511,0.06887162270278131,0.12268344077562815,0.014740290979690613,0.05043612932766942,0.15072279408899947,NA
0.1,3,OnlineFPCA-adagrad,0.1,14400,100,face,3,5,0.132788419723511,0.10453298765826087,0.11446596664814969,0.1848114500351506,0.014833414598424622,0.05017283961820745,0.1501993268690087,NA
0.1,3,OnlineFPCA-adagrad,0.1,14500,100,face,3,5,0.132437229156494,0.06963532104882833,0.12337787052452635,0.10911095064311699,0.014787380659515304,0.05013010883352145,0.14951208022450713,NA
0.1,3,OnlineFPCA-adagrad,0.1,14600,100,face,3,5,0.126455068588257,0.08344715814924326,0.1075500050292504,0.11096252460484855,0.014867731564867875,0.05035384974328618,0.14845641535902065,NA
0.1,3,OnlineFPCA-adagrad,0.1,14700,100,face,3,5,0.137062549591064,0.08050395697740705,0.16241484981528717,0.17703495393291538,0.014730892960513716,0.05033833965764299,0.1482765148317298,NA
0.1,3,OnlineFPCA-adagrad,0.1,14800,100,face,3,5,0.133272647857666,0.07039362126278555,0.1860421574539842,0.09253866888436237,0.014976317963059283,0.05010377622762902,0.14806691405049913,NA
0.1,3,OnlineFPCA-adagrad,0.1,14900,100,face,3,5,0.131079912185669,0.0606820181741924,0.13209989683857676,0.13569430186576437,0.015043827079660541,0.04990864855568488,0.14752419578710105,NA
0.1,3,OnlineFPCA-adagrad,0.1,15000,100,face,3,5,0.13112473487854,0.0652874055759215,0.13303330616257544,0.17120234178432736,0.015160780807225563,0.04980566291703872,0.1473512921001965,NA
0.1,3,OnlineCov,NA,100,NA,NA,3,NA,4.6666374206543,0.33029572306473914,0.5802556730796853,0.6365759054755837,0.33029572306473914,0.5802556730796853,0.6365759054755837,NA
0.1,3,OnlineCov,NA,200,NA,NA,3,NA,5.11096143722534,0.07482119063110709,0.40455679152232676,1.1317466799906022,0.07482119063110709,0.40455679152232676,1.1317466799906022,NA
0.1,3,OnlineCov,NA,300,NA,NA,3,NA,4.4853675365448,0.07004518020905781,0.3686201611070838,0.5533518583339189,0.07004518020905781,0.3686201611070838,0.5533518583339189,NA
0.1,3,OnlineCov,NA,400,NA,NA,3,NA,4.93021368980408,0.04959373129755836,0.2071028351210322,0.345150400261902,0.04959373129755836,0.2071028351210322,0.345150400261902,NA
0.1,3,OnlineCov,NA,500,NA,NA,3,NA,5.16294622421265,0.03642304831782725,0.16330558250579308,0.1748211789747784,0.03642304831782725,0.16330558250579308,0.1748211789747784,NA
0.1,3,OnlineCov,NA,600,NA,NA,3,NA,4.61651968955994,0.05474752873986757,0.0848833566528429,0.13503372379906955,0.05474752873986757,0.0848833566528429,0.13503372379906955,NA
0.1,3,OnlineCov,NA,700,NA,NA,3,NA,5.07709288597107,0.04872401770820008,0.09571957308713959,0.13159085093416026,0.04872401770820008,0.09571957308713959,0.13159085093416026,NA
0.1,3,OnlineCov,NA,800,NA,NA,3,NA,4.95191073417664,0.053318103168016814,0.07892226186250499,0.10246597736153598,0.053318103168016814,0.07892226186250499,0.10246597736153598,NA
0.1,3,OnlineCov,NA,900,NA,NA,3,NA,5.13107705116272,0.04174727781930959,0.07394213382039669,0.19069212354381385,0.04174727781930959,0.07394213382039669,0.19069212354381385,NA
0.1,3,OnlineCov,NA,1000,NA,NA,3,NA,4.73361206054688,0.03625972319514466,0.04835025671425645,0.23048318976814686,0.03625972319514466,0.04835025671425645,0.23048318976814686,NA
0.1,3,OnlineCov,NA,1100,NA,NA,3,NA,4.83984160423279,0.019053342768669324,0.05799140139273199,0.26833784307002845,0.019053342768669324,0.05799140139273199,0.26833784307002845,NA
0.1,3,OnlineCov,NA,1200,NA,NA,3,NA,4.34551286697388,0.030342191952434025,0.05542101914123196,0.29516259239545856,0.030342191952434025,0.05542101914123196,0.29516259239545856,NA
0.1,3,OnlineCov,NA,1300,NA,NA,3,NA,5.02592062950134,0.022215461885980045,0.053015971109165096,0.2947247392704312,0.022215461885980045,0.053015971109165096,0.2947247392704312,NA
0.1,3,OnlineCov,NA,1400,NA,NA,3,NA,5.1126880645752,0.03361089899767968,0.07012933648022962,0.2670032086838703,0.03361089899767968,0.07012933648022962,0.2670032086838703,NA
0.1,3,OnlineCov,NA,1500,NA,NA,3,NA,4.52688360214233,0.029953674048498326,0.07683588509134488,0.29226743056713367,0.029953674048498326,0.07683588509134488,0.29226743056713367,NA
0.1,3,OnlineCov,NA,1600,NA,NA,3,NA,4.61390495300293,0.035240789080210964,0.029534662318833727,0.2923722457479111,0.035240789080210964,0.029534662318833727,0.2923722457479111,NA
0.1,3,OnlineCov,NA,1700,NA,NA,3,NA,4.71074461936951,0.035052499986407235,0.030609571231806413,0.23878878235622544,0.035052499986407235,0.030609571231806413,0.23878878235622544,NA
0.1,3,OnlineCov,NA,1800,NA,NA,3,NA,4.88320732116699,0.02639463778148737,0.03320829300679622,0.17790996631030684,0.02639463778148737,0.03320829300679622,0.17790996631030684,NA
0.1,3,OnlineCov,NA,1900,NA,NA,3,NA,4.38209414482117,0.025128305428843454,0.02315143550548664,0.16446245850007848,0.025128305428843454,0.02315143550548664,0.16446245850007848,NA
0.1,3,OnlineCov,NA,2000,NA,NA,3,NA,5.76452136039734,0.027730916449528322,0.04905961731418857,0.12628897741745926,0.027730916449528322,0.04905961731418857,0.12628897741745926,NA
0.1,3,OnlineCov,NA,2100,NA,NA,3,NA,5.0894021987915,0.028618077783267238,0.08046324236646239,0.11675117999205661,0.028618077783267238,0.08046324236646239,0.11675117999205661,NA
0.1,3,OnlineCov,NA,2200,NA,NA,3,NA,4.52812457084656,0.028794775919551277,0.06087706826586967,0.1366365307988308,0.028794775919551277,0.06087706826586967,0.1366365307988308,NA
0.1,3,OnlineCov,NA,2300,NA,NA,3,NA,4.57292294502258,0.019436617123371594,0.06679957421649176,0.16662470656960965,0.019436617123371594,0.06679957421649176,0.16662470656960965,NA
0.1,3,OnlineCov,NA,2400,NA,NA,3,NA,4.47959995269775,0.022048434988665024,0.06174495438146949,0.14963740433145203,0.022048434988665024,0.06174495438146949,0.14963740433145203,NA
0.1,3,OnlineCov,NA,2500,NA,NA,3,NA,5.07044196128845,0.01607556957407875,0.048973451657120956,0.15859756764340507,0.01607556957407875,0.048973451657120956,0.15859756764340507,NA
0.1,3,OnlineCov,NA,2600,NA,NA,3,NA,4.90430164337158,0.01658171152038038,0.04778016361941579,0.23166773854208497,0.01658171152038038,0.04778016361941579,0.23166773854208497,NA
0.1,3,OnlineCov,NA,2700,NA,NA,3,NA,5.03883123397827,0.010820425122294149,0.05279836539032415,0.2265740043679787,0.010820425122294149,0.05279836539032415,0.2265740043679787,NA
0.1,3,OnlineCov,NA,2800,NA,NA,3,NA,4.84661364555359,0.012918772704688624,0.04440356686318993,0.22308318841061522,0.012918772704688624,0.04440356686318993,0.22308318841061522,NA
0.1,3,OnlineCov,NA,2900,NA,NA,3,NA,4.83684754371643,0.013826907336511858,0.02942702032278624,0.1794294307994545,0.013826907336511858,0.02942702032278624,0.1794294307994545,NA
0.1,3,OnlineCov,NA,3000,NA,NA,3,NA,4.3533821105957,0.020797234275327144,0.027098553408513207,0.15692919861275387,0.020797234275327144,0.027098553408513207,0.15692919861275387,NA
0.1,3,OnlineCov,NA,3100,NA,NA,3,NA,4.52484035491943,0.02665425836705612,0.0381964465778711,0.12471053455435015,0.02665425836705612,0.0381964465778711,0.12471053455435015,NA
0.1,3,OnlineCov,NA,3200,NA,NA,3,NA,5.23415470123291,0.029132508489087036,0.05055010111680049,0.11796997583328477,0.029132508489087036,0.05055010111680049,0.11796997583328477,NA
0.1,3,OnlineCov,NA,3300,NA,NA,3,NA,4.80132961273193,0.031433947087811456,0.04368206200087973,0.11480815285997693,0.031433947087811456,0.04368206200087973,0.11480815285997693,NA
0.1,3,OnlineCov,NA,3400,NA,NA,3,NA,5.03203201293945,0.03210372600226367,0.05344324161820704,0.1100764759175576,0.03210372600226367,0.05344324161820704,0.1100764759175576,NA
0.1,3,OnlineCov,NA,3500,NA,NA,3,NA,5.40954089164734,0.029731545497325942,0.04406180746394213,0.1005015622330906,0.029731545497325942,0.04406180746394213,0.1005015622330906,NA
0.1,3,OnlineCov,NA,3600,NA,NA,3,NA,4.89431118965149,0.02771975621166672,0.039363815933349186,0.09875439486521478,0.02771975621166672,0.039363815933349186,0.09875439486521478,NA
0.1,3,OnlineCov,NA,3700,NA,NA,3,NA,4.75734806060791,0.02776641104505162,0.04560044468294574,0.08619087539579838,0.02776641104505162,0.04560044468294574,0.08619087539579838,NA
0.1,3,OnlineCov,NA,3800,NA,NA,3,NA,5.14728260040283,0.025833258844811514,0.03936496584812198,0.09088686273439507,0.025833258844811514,0.03936496584812198,0.09088686273439507,NA
0.1,3,OnlineCov,NA,3900,NA,NA,3,NA,4.9099485874176,0.02611552923118249,0.04150318520563895,0.09997238381874139,0.02611552923118249,0.04150318520563895,0.09997238381874139,NA
0.1,3,OnlineCov,NA,4000,NA,NA,3,NA,4.8053879737854,0.027948113294980023,0.046408967620982865,0.09995626884837064,0.027948113294980023,0.046408967620982865,0.09995626884837064,NA
0.1,3,OnlineCov,NA,4100,NA,NA,3,NA,4.35959529876709,0.03085630030577059,0.05576822257448715,0.10544957543746837,0.03085630030577059,0.05576822257448715,0.10544957543746837,NA
0.1,3,OnlineCov,NA,4200,NA,NA,3,NA,5.12326836585999,0.029857715315941596,0.04956988395870307,0.1257953638275536,0.029857715315941596,0.04956988395870307,0.1257953638275536,NA
0.1,3,OnlineCov,NA,4300,NA,NA,3,NA,4.70125532150269,0.030740498761405947,0.04980721817244391,0.11089286896406893,0.030740498761405947,0.04980721817244391,0.11089286896406893,NA
0.1,3,OnlineCov,NA,4400,NA,NA,3,NA,4.79184317588806,0.03070049672576319,0.05333395223577852,0.09996527818897201,0.03070049672576319,0.05333395223577852,0.09996527818897201,NA
0.1,3,OnlineCov,NA,4500,NA,NA,3,NA,4.52856421470642,0.030789134832548287,0.05545032654892384,0.10152482562625383,0.030789134832548287,0.05545032654892384,0.10152482562625383,NA
0.1,3,OnlineCov,NA,4600,NA,NA,3,NA,4.81627416610718,0.03131376675983959,0.06286940362713463,0.10703516001290844,0.03131376675983959,0.06286940362713463,0.10703516001290844,NA
0.1,3,OnlineCov,NA,4700,NA,NA,3,NA,4.83068084716797,0.030498377397991598,0.06515269787210938,0.12219417152631658,0.030498377397991598,0.06515269787210938,0.12219417152631658,NA
0.1,3,OnlineCov,NA,4800,NA,NA,3,NA,5.16641354560852,0.032823969500429734,0.06104975318043627,0.13096693788291242,0.032823969500429734,0.06104975318043627,0.13096693788291242,NA
0.1,3,OnlineCov,NA,4900,NA,NA,3,NA,5.1716833114624,0.03175503097199668,0.0608933404329866,0.11266159622037049,0.03175503097199668,0.0608933404329866,0.11266159622037049,NA
0.1,3,OnlineCov,NA,5000,NA,NA,3,NA,4.71687126159668,0.029365986564249276,0.06414986290802092,0.1504627994178781,0.029365986564249276,0.06414986290802092,0.1504627994178781,NA
0.1,3,Batch-PACE,NA,5000,NA,NA,3,5000,8.26185703277588,0.02579992181965794,0.06122535957302352,0.14613263721725941,0.02579992181965794,0.06122535957302352,0.14613263721725941,NA
0.1,3,Batch-FACE,NA,5000,NA,NA,3,5000,67.6979143619537,0.026035653174853294,0.06593028146423706,0.1518379971896971,0.026035653174853294,0.06593028146423706,0.1518379971896971,NA
0.1,3,Batch-REML,NA,5000,NA,NA,3,5000,183.405570745468,0.009436534248658996,0.048272562232436436,0.12440452456694083,0.009436534248658996,0.048272562232436436,0.12440452456694083,NA
0.1,3,Batch-SOAP,NA,5000,NA,NA,3,5000,126.895530223846,0.03571162838860968,0.05586610155807253,0.09127508355574787,0.03571162838860968,0.05586610155807253,0.09127508355574787,NA
0.5,3,OnlineFPCA-sgd,0.1,0,100,face,3,5,0.925454616546631,0.39327535231326716,1.2582273328302869,1.231882289130313,0.39327535231326716,1.2582273328302869,1.231882289130313,1.0000000000000004e-6
0.5,3,OnlineFPCA-sgd,0.1,100,100,face,3,5,0.426342964172363,0.4725983021309957,1.4257541175700061,1.42890670279934,NA,NA,NA,1.7782794100389236e-5
0.5,3,OnlineFPCA-sgd,0.1,200,100,face,3,5,0.430713891983032,0.643323854420852,1.0224729737392222,1.102727741877189,NA,NA,NA,1.7782794100389236e-5
0.5,3,OnlineFPCA-sgd,0.1,300,100,face,3,5,0.43952202796936,0.3655789059399409,0.929398376125267,0.7764280238281644,NA,NA,NA,1.7782794100389236e-5
0.5,3,OnlineFPCA-sgd,0.1,400,100,face,3,5,0.435210227966309,0.5797877898820414,1.3437370317991113,1.4306076364733675,NA,NA,NA,5.975009126276091e-6
0.5,3,OnlineFPCA-sgd,0.1,500,100,face,3,5,0.432579278945923,0.4283525969236938,1.2448399121397602,1.3773057479850286,NA,NA,NA,1.5188074618202785e-5
0.5,3,OnlineFPCA-sgd,0.1,600,100,face,3,5,0.426681518554688,0.23871375767623113,0.6372301504547256,0.6242153924622129,NA,NA,NA,3.452402662358288e-5
0.5,3,OnlineFPCA-sgd,0.1,700,100,face,3,5,0.429989099502563,0.2154848798966387,0.6319553596230965,0.6168610181251245,NA,NA,NA,7.215434815083394e-5
0.5,3,OnlineFPCA-sgd,0.1,800,100,face,3,5,0.442544937133789,0.1770052928728266,0.6275644568986408,0.6059472129562194,NA,NA,NA,1.412002018131763e-4
0.5,3,OnlineFPCA-sgd,0.1,900,100,face,3,5,0.424835681915283,0.1481581029980274,0.6244814801583629,0.5969436980804822,NA,NA,NA,2.620190234480095e-4
0.5,3,OnlineFPCA-sgd,0.1,1000,100,face,3,5,0.437021970748901,0.13554654557681717,0.6200264299243364,0.5890387664938128,NA,NA,NA,1.475451826351715e-4
0.5,3,OnlineFPCA-sgd,0.1,1100,100,face,3,5,0.604994058609009,0.09734726221461075,0.4953401479306266,0.5355176098572999,0.0764098108159142,0.5385561879168312,0.5467813475647212,2.5248523742569146e-4
0.5,3,OnlineFPCA-sgd,0.1,1200,100,face,3,5,0.604866027832031,0.7121885042891475,0.48586132766111845,0.46832703620929167,0.08569811721575275,0.4889289325106943,0.5292052359990664,1.5230403790388386e-4
0.5,3,OnlineFPCA-sgd,0.1,1300,100,face,3,5,0.6016845703125,0.15048727252779245,0.4328465133020496,0.47418589696042446,0.08721650280067793,0.46247761761191447,0.5054001719916038,1.5230403790388386e-4
0.5,3,OnlineFPCA-sgd,0.1,1400,100,face,3,5,0.612249851226807,0.5065135318744258,0.5065229967053329,0.5250025831781476,0.08541657224769676,0.4616391094943388,0.4951738578993929,9.674788415014688e-5
0.5,3,OnlineFPCA-sgd,0.1,1500,100,face,3,5,0.614920139312744,0.19538775107791775,0.3973963382791826,0.41609559051081013,0.061914860111016816,0.44052773923127214,0.4697377805769316,6.278600652300075e-5
0.5,3,OnlineFPCA-sgd,0.1,1600,100,face,3,5,0.602234125137329,0.1535396391838441,0.39369276344048865,0.41808748687231034,0.060976552979365155,0.4327292263873633,0.459071164817716,6.278600652300075e-5
0.5,3,OnlineFPCA-sgd,0.1,1700,100,face,3,5,0.574988842010498,0.11595165977910683,0.3907277939374159,0.42021489166866455,0.06520162089972492,0.4270906354036187,0.4517242512083125,4.225092258509567e-5
0.5,3,OnlineFPCA-sgd,0.1,1800,100,face,3,5,0.563870906829834,0.09674611418190142,0.38722033380582027,0.4194637154613051,0.06690493903616619,0.4222317921366685,0.4470314254542997,4.225092258509567e-5
0.5,3,OnlineFPCA-sgd,0.1,1900,100,face,3,5,0.611246585845947,0.08472619171903337,0.38258852830908807,0.4180711458558296,0.06778013507340856,0.4178507777193545,0.4432872417847236,4.225092258509567e-5
0.5,3,OnlineFPCA-sgd,0.1,2000,100,face,3,5,0.591235876083374,0.07861196449927035,0.38520994765831906,0.41782691670572963,0.06781509086697161,0.41432145746129284,0.44054696520173936,4.225092258509567e-5
0.5,3,OnlineFPCA-sgd,0.1,2100,100,face,3,5,0.594517230987549,0.16640758529389002,0.41705533131397377,0.4936510255531999,0.06898128184304246,0.4105861260609531,0.43860271566385683,3.0023591339052327e-5
0.5,3,OnlineFPCA-sgd,0.1,2200,100,face,3,5,0.559789180755615,0.18693144693777614,0.3751092389784898,0.4235397913777809,0.07717895871778968,0.4046119589594835,0.4383445886620804,3.0023591339052327e-5
0.5,3,OnlineFPCA-sgd,0.1,2300,100,face,3,5,0.591740369796753,0.25482248458135043,0.4120891966250198,0.3814088594213584,0.07267197880696014,0.40009130682928806,0.4322704387087526,2.1789285694955622e-5
0.5,3,OnlineFPCA-sgd,0.1,2400,100,face,3,5,0.604117155075073,0.20027610858231648,0.38475145788946863,0.40046033027798983,0.07112218265871353,0.39757098422687964,0.42502063635314935,2.1789285694955622e-5
0.5,3,OnlineFPCA-sgd,0.1,2500,100,face,3,5,0.589810848236084,0.2703507341501641,0.4351392485184544,0.37612164145833765,0.06272909633590705,0.3946046772144933,0.4207088757371247,1.6103363748686433e-5
0.5,3,OnlineFPCA-sgd,0.1,2600,100,face,3,5,0.591043472290039,0.15976004290351253,0.34346268909019745,0.3718860447768134,0.053502722018173195,0.3901265779669508,0.41802291884903,8.940807319733293e-6
0.5,3,OnlineFPCA-sgd,0.1,2700,100,face,3,5,0.582558155059814,0.17451306366404562,0.32243905812090623,0.3327204515779732,0.05088026017123742,0.3849390244363104,0.41391286305543673,5.040799060854928e-6
0.5,3,OnlineFPCA-sgd,0.1,2800,100,face,3,5,0.568120241165161,0.28761685836253353,0.3120575068471861,0.3340310923428044,0.04651560234443431,0.3792085568781985,0.4098310977394969,5.040799060854928e-6
0.5,3,OnlineFPCA-sgd,0.1,2900,100,face,3,5,0.617954969406128,0.1766823239272554,0.3094774497254227,0.31784850684266386,0.04889142159855916,0.37379742051903775,0.4052058121387733,5.040799060854928e-6
0.5,3,OnlineFPCA-sgd,0.1,3000,100,face,3,5,0.606455564498901,0.18406308897451387,0.2971261988422666,0.3243340236472801,0.044804906575451456,0.3680138942757547,0.3973863760924646,3.862852179645709e-6
0.5,3,OnlineFPCA-sgd,0.1,3100,100,face,3,5,0.608024120330811,0.1811619790094348,0.27581572364289225,0.32355996341070037,0.041339981858564766,0.3611565056348679,0.39110917208623314,3.862852179645709e-6
0.5,3,OnlineFPCA-sgd,0.1,3200,100,face,3,5,0.598454236984253,0.12911395304866724,0.3158750027066582,0.33310104354887016,0.041754719186315105,0.3549888131118542,0.38621678423870365,2.995178121194373e-6
0.5,3,OnlineFPCA-sgd,0.1,3300,100,face,3,5,0.603416919708252,0.15518082956327217,0.28582035518169674,0.3797853301844806,0.04086412452210827,0.3495394219755867,0.3823475611333636,2.995178121194373e-6
0.5,3,OnlineFPCA-sgd,0.1,3400,100,face,3,5,0.565512180328369,0.2754731562264398,0.22700295266623438,0.3874338847481787,0.041690338012173166,0.34300686668142644,0.3789925034475154,2.3470796143367357e-6
0.5,3,OnlineFPCA-sgd,0.1,3500,100,face,3,5,0.769706726074219,0.21080358381050768,0.42241123787856416,0.3711504681839035,0.03795529352684197,0.3362096910417834,0.37656658478216753,2.3470796143367357e-6
0.5,3,OnlineFPCA-sgd,0.1,3600,100,face,3,5,0.607897758483887,0.22151039330426894,0.31770966327341565,0.2987673941175687,0.039203103801578404,0.33130130433999044,0.37337940935970365,2.3470796143367357e-6
0.5,3,OnlineFPCA-sgd,0.1,3700,100,face,3,5,0.591794490814209,0.13826946983846208,0.27336990424144286,0.18527968059288613,0.03583805179698459,0.32550461044712226,0.3678364947442318,1.8651726038513964e-6
0.5,3,OnlineFPCA-sgd,0.1,3800,100,face,3,5,0.57923150062561,0.12703337429693287,0.1658078038587518,0.18283885397482405,0.03568479272690758,0.3193856476344434,0.3589162462100964,1.1879366735506009e-6
0.5,3,OnlineFPCA-sgd,0.1,3900,100,face,3,5,0.584982395172119,0.22382987322611808,0.19822118297308897,0.16295310703004307,0.032964521083318626,0.31225631852141905,0.3497466576587768,9.51909295725899e-7
0.5,3,OnlineFPCA-sgd,0.1,4000,100,face,3,5,0.579340219497681,0.03116567041804084,0.30482493128462274,0.34200477431638887,0.03116567041804084,0.30482493128462274,0.34200477431638887,9.51909295725899e-7
0.5,3,OnlineFPCA-sgd,0.1,4100,100,face,3,5,0.593964815139771,0.1670216973560593,0.3510034322784298,0.37870145780126213,0.11366433539853893,0.3116541327001924,0.34671520915987425,9.51909295725899e-7
0.5,3,OnlineFPCA-sgd,0.1,4200,100,face,3,5,0.631519317626953,0.17868480452216032,0.33421726756196984,0.35304646451179195,0.1193397485649208,0.32144537722638966,0.3276769461384052,7.713667780247712e-7
0.5,3,OnlineFPCA-sgd,0.1,4300,100,face,3,5,0.603883981704712,0.1555078665255653,0.32928417275044614,0.31723176908513434,0.07352402417355049,0.3263212976713295,0.32281279029411686,7.713667780247712e-7
0.5,3,OnlineFPCA-sgd,0.1,4400,100,face,3,5,0.599922895431519,0.22308815042560767,0.33301489097677883,0.33571060207071046,0.055456887005172026,0.3166861963135361,0.32298088760518123,6.29292578529602e-7
0.5,3,OnlineFPCA-sgd,0.1,4500,100,face,3,5,0.592239379882812,0.2376281933719346,0.33523238505658476,0.34689700265243517,0.05282403090623956,0.31692716090969475,0.3231433963493259,6.29292578529602e-7
0.5,3,OnlineFPCA-sgd,0.1,4600,100,face,3,5,0.596426963806152,0.22396222647279893,0.3409007951698061,0.3324184444112819,0.05300373998246786,0.31463453179520845,0.31929088496929425,5.165981716281617e-7
0.5,3,OnlineFPCA-sgd,0.1,4700,100,face,3,5,0.612561464309692,0.20686407567071818,0.37105721141567166,0.3333016140675637,0.05419124646908556,0.29941634231671344,0.3186514475642941,4.253374375121058e-7
0.5,3,OnlineFPCA-sgd,0.1,4800,100,face,3,5,0.604408979415894,0.2971146755552367,0.4202702508997926,0.28401285316413244,0.05366474624906466,0.2950053829497735,0.3142089653914631,4.253374375121058e-7
0.5,3,OnlineFPCA-sgd,0.1,4900,100,face,3,5,0.60028600692749,0.2545021584869784,0.3103947406999506,0.32014804455125084,0.04996452389144674,0.28538876374562067,0.30610374497698795,4.253374375121058e-7
0.5,3,OnlineFPCA-sgd,0.1,5000,100,face,3,5,0.608430862426758,0.0526646103082372,0.2753438669837155,0.34439890066521794,0.044959268914519804,0.2760452718508824,0.30142958738897085,4.253374375121058e-7
0.5,3,OnlineFPCA-sgd,0.1,5100,100,face,3,5,0.118347406387329,0.10299343339104551,0.33684173288482144,0.4047167118205849,0.04944495722613245,0.27246504276765815,0.30449095840612106,NA
0.5,3,OnlineFPCA-sgd,0.1,5200,100,face,3,5,0.133227586746216,0.3575105498586831,0.2107837791502693,0.46531496019590624,0.04908100478340778,0.2700148769007259,0.3093421079007772,NA
0.5,3,OnlineFPCA-sgd,0.1,5300,100,face,3,5,0.144613027572632,0.29646621897073805,0.2468378317080869,0.31404483189048926,0.04947001908603771,0.26385164892124,0.30934259420494886,NA
0.5,3,OnlineFPCA-sgd,0.1,5400,100,face,3,5,0.115689039230347,0.12512379976636961,0.250075709401438,0.2949929989631207,0.04343747756021228,0.2550429539097284,0.30617248535073227,NA
0.5,3,OnlineFPCA-sgd,0.1,5500,100,face,3,5,0.117560625076294,0.1369942708355425,0.2855086032826397,0.16119786197091612,0.038388191778917065,0.24746889694020024,0.29749709002128855,NA
0.5,3,OnlineFPCA-sgd,0.1,5600,100,face,3,5,0.118132829666138,0.13978275190765974,0.2518883927596109,0.12956022917653265,0.03293809876560739,0.2407248251849355,0.28702175808431507,NA
0.5,3,OnlineFPCA-sgd,0.1,5700,100,face,3,5,0.117723941802979,0.22355509327409334,0.23030338381991539,0.19242883229365276,0.0324618825223698,0.23362587137349383,0.2768774631331673,NA
0.5,3,OnlineFPCA-sgd,0.1,5800,100,face,3,5,0.12826681137085,0.36091585496014217,0.25228028852938644,0.17009179559053478,0.02691504060845798,0.22663889436122342,0.2677710837365513,NA
0.5,3,OnlineFPCA-sgd,0.1,5900,100,face,3,5,0.127530813217163,0.14255000109441163,0.18163554016984004,0.2554531504707764,0.027888736354468226,0.2207828407947336,0.25610906101958636,NA
0.5,3,OnlineFPCA-sgd,0.1,6000,100,face,3,5,0.115618467330933,0.20030987325066624,0.19976001788586087,0.2134555396572929,0.02936307611043291,0.21655676097444793,0.24727858480011577,NA
0.5,3,OnlineFPCA-sgd,0.1,6100,100,face,3,5,0.115515232086182,0.09652642958149928,0.26766994490568097,0.21081174169177483,0.030525223118681062,0.20967544141713956,0.24167237805443353,NA
0.5,3,OnlineFPCA-sgd,0.1,6200,100,face,3,5,0.120817899703979,0.6661550655570165,0.24373374827377628,0.1994426413086754,0.03046873063333951,0.20464194779997502,0.23476958489391633,NA
0.5,3,OnlineFPCA-sgd,0.1,6300,100,face,3,5,0.116532564163208,0.21883307345234182,0.1561246620837113,0.2297240134554204,0.03249536659208993,0.1994846262816517,0.22941202664878946,NA
0.5,3,OnlineFPCA-sgd,0.1,6400,100,face,3,5,0.141239404678345,0.19009627288047065,0.14435230526498918,0.1803810079991815,0.032545864588874714,0.19588022655668721,0.22607743827840976,NA
0.5,3,OnlineFPCA-sgd,0.1,6500,100,face,3,5,0.119930982589722,0.321051159575222,0.2102930882512865,0.1810949706917528,0.029587656564576813,0.19163484857663485,0.22135244505111815,NA
0.5,3,OnlineFPCA-sgd,0.1,6600,100,face,3,5,0.115039110183716,0.3039371382955373,0.32473551990120497,0.1314419186450047,0.029565185765554745,0.1884177301822847,0.21604104640691077,NA
0.5,3,OnlineFPCA-sgd,0.1,6700,100,face,3,5,0.117009162902832,0.15818072698013183,0.24342142971623779,0.28579362276054704,0.027704905433759548,0.18629246279771655,0.21356507972754712,NA
0.5,3,OnlineFPCA-sgd,0.1,6800,100,face,3,5,0.116713047027588,0.18813898957517883,0.15201212172954895,0.27817393886877884,0.022582996837402995,0.18322761378849708,0.2143823011949078,NA
0.5,3,OnlineFPCA-sgd,0.1,6900,100,face,3,5,0.125772714614868,0.22677444624433996,0.1331925879606881,0.36048728219321047,0.020719745370625514,0.17901790090102743,0.2149540645567781,NA
0.5,3,OnlineFPCA-sgd,0.1,7000,100,face,3,5,0.14948844909668,0.18278277557262057,0.20370528107278307,0.3364407240821375,0.020359578424972713,0.17596195040141793,0.21632695810607802,NA
0.5,3,OnlineFPCA-sgd,0.1,7100,100,face,3,5,0.115555286407471,0.19583608234519181,0.2280015375425218,0.3933706168211902,0.020644761376317055,0.17375384993506712,0.2166951469196425,NA
0.5,3,OnlineFPCA-sgd,0.1,7200,100,face,3,5,0.117475271224976,0.19589374066812193,0.18523891827721617,0.36934908324537213,0.022909326723191136,0.17145874724745566,0.2184199842099614,NA
0.5,3,OnlineFPCA-sgd,0.1,7300,100,face,3,5,0.11773943901062,0.19790399288652566,0.3316198355953012,0.28907240351658775,0.025245153602865732,0.16964556384738785,0.21909131809797966,NA
0.5,3,OnlineFPCA-sgd,0.1,7400,100,face,3,5,0.121957778930664,0.271827800184578,0.1998748753496686,0.2842999614393111,0.028356998165996204,0.16861067796237533,0.21864312961869944,NA
0.5,3,OnlineFPCA-sgd,0.1,7500,100,face,3,5,0.133911609649658,0.27908178773677655,0.25789549809900375,0.2643377508205765,0.027482018984111255,0.16780571772889255,0.21898575332313042,NA
0.5,3,OnlineFPCA-sgd,0.1,7600,100,face,3,5,0.131698846817017,0.18799662345278118,0.20884836337086102,0.19460898554825398,0.025943766673058262,0.16643628251280998,0.21875687307424313,NA
0.5,3,OnlineFPCA-sgd,0.1,7700,100,face,3,5,0.116968631744385,0.11973573784731979,0.20324639718695856,0.17985372441251068,0.025311384661957034,0.16530322949236104,0.21724796229482393,NA
0.5,3,OnlineFPCA-sgd,0.1,7800,100,face,3,5,0.116647720336914,0.25329639916244445,0.19821740616213132,0.20421324160251644,0.026136053054280406,0.16411084633579165,0.21658904132934326,NA
0.5,3,OnlineFPCA-sgd,0.1,7900,100,face,3,5,0.120332479476929,0.16081349879777623,0.16886097538342063,0.23560823789282334,0.026313718675547465,0.16274698452499142,0.21608553990550144,NA
0.5,3,OnlineFPCA-sgd,0.1,8000,100,face,3,5,0.119858264923096,0.14292225208276854,0.17090470468452484,0.23686285119287878,0.025768984622929605,0.16127320467294007,0.21491171824185895,NA
0.5,3,OnlineFPCA-sgd,0.1,8100,100,face,3,5,0.133877038955688,0.20056516597579752,0.15390992744454252,0.2625426504348767,0.02480448722440836,0.15937646844655512,0.214307764903315,NA
0.5,3,OnlineFPCA-sgd,0.1,8200,100,face,3,5,0.131110906600952,0.15688376116788388,0.18852418280151098,0.27163936476302575,0.02599731252454414,0.15743355074878876,0.21420019255575376,NA
0.5,3,OnlineFPCA-sgd,0.1,8300,100,face,3,5,0.117196798324585,0.11786506051467131,0.14724464216378794,0.3394588381470277,0.026121765144188656,0.15581489968756101,0.21459617859143765,NA
0.5,3,OnlineFPCA-sgd,0.1,8400,100,face,3,5,0.116763830184937,0.21697229486957031,0.14335175474198977,0.3061486896209713,0.02622499956775176,0.15421782186770974,0.21579582593226704,NA
0.5,3,OnlineFPCA-sgd,0.1,8500,100,face,3,5,0.119693040847778,0.11587818843191516,0.2827899539809888,0.2889323511318407,0.025043307486747622,0.15253568527917669,0.21708984400677228,NA
0.5,3,OnlineFPCA-sgd,0.1,8600,100,face,3,5,0.121942043304443,0.21160670214883867,0.23344311134256293,0.28602373828152844,0.025148716118823012,0.1512333857582217,0.21811315325580702,NA
0.5,3,OnlineFPCA-sgd,0.1,8700,100,face,3,5,0.149840116500854,0.1380240326785359,0.2024048873710016,0.18270404647632266,0.023703044957373794,0.14970329479577849,0.21787246202840746,NA
0.5,3,OnlineFPCA-sgd,0.1,8800,100,face,3,5,0.114595413208008,0.10687661543073901,0.09929556194403871,0.06069255326380974,0.02377570265893633,0.1480480035792735,0.21527388573062048,NA
0.5,3,OnlineFPCA-sgd,0.1,8900,100,face,3,5,0.116262674331665,0.1851798944599599,0.15252192716496898,0.13343365674376576,0.021295488112986174,0.14598255032509896,0.21195457283753832,NA
0.5,3,OnlineFPCA-sgd,0.1,9000,100,face,3,5,0.117183446884155,0.1428564431724157,0.18313586342357666,0.1536771873128215,0.018428696829506014,0.1438076155883787,0.2091179719112983,NA
0.5,3,OnlineFPCA-sgd,0.1,9100,100,face,3,5,0.11726713180542,0.13185780470920405,0.19836471713650125,0.1298113545298674,0.018893676820980847,0.14178200146719558,0.205953367912961,NA
0.5,3,OnlineFPCA-sgd,0.1,9200,100,face,3,5,0.125587463378906,0.13839460078068572,0.2079347102469141,0.16059629545276505,0.018891016348578604,0.14029458640448164,0.2027980414049075,NA
0.5,3,OnlineFPCA-sgd,0.1,9300,100,face,3,5,0.306191921234131,0.1222850281841101,0.147123152726126,0.10712723813793344,0.01830800108812968,0.1388043555127228,0.20021111424889285,NA
0.5,3,OnlineFPCA-sgd,0.1,9400,100,face,3,5,0.117797136306763,0.18727342981935974,0.16935731851957997,0.13924607661681748,0.01844795490369307,0.13753491178328095,0.19830251933317003,NA
0.5,3,OnlineFPCA-sgd,0.1,9500,100,face,3,5,0.118581771850586,0.19928378490584167,0.1757753755218277,0.1955409651772662,0.018357312850889505,0.13649277846263802,0.1966139769701456,NA
0.5,3,OnlineFPCA-sgd,0.1,9600,100,face,3,5,0.118144512176514,0.211437447368627,0.20248805887999055,0.16629579548495957,0.019228032082473163,0.13543663792351623,0.19482469217763257,NA
0.5,3,OnlineFPCA-sgd,0.1,9700,100,face,3,5,0.117821455001831,0.18148932172999874,0.19227340769880635,0.1453720348892288,0.019814923519565368,0.13394479293466527,0.1936612579081653,NA
0.5,3,OnlineFPCA-sgd,0.1,9800,100,face,3,5,0.143364906311035,0.26070171534139414,0.2578971204852058,0.11335000667144589,0.019668399284255816,0.13233108843006183,0.1919723284624234,NA
0.5,3,OnlineFPCA-sgd,0.1,9900,100,face,3,5,0.14029860496521,0.1927332825974872,0.17995488425876277,0.1866892541351796,0.0185897191385132,0.13084395142519037,0.19015655672844908,NA
0.5,3,OnlineFPCA-sgd,0.1,10000,100,face,3,5,0.11858057975769,0.04962321846105843,0.1428493422016333,0.18446050234376116,0.017442245434233093,0.12961909362321722,0.18916518615490097,NA
0.5,3,OnlineFPCA-sgd,0.1,10100,100,face,3,5,0.115840673446655,0.10106809136352772,0.18873245101889685,0.24950248659294028,0.01607188630605486,0.1291736203674309,0.18919973045533933,NA
0.5,3,OnlineFPCA-sgd,0.1,10200,100,face,3,5,0.115626096725464,0.25307968558070876,0.09499092220046908,0.29476777942139787,0.016024135152168287,0.12870477693649615,0.1897196209701527,NA
0.5,3,OnlineFPCA-sgd,0.1,10300,100,face,3,5,0.121391773223877,0.2000589465121616,0.1511796605527339,0.2035225757642127,0.017282666728671542,0.12802381286089004,0.18973240761185767,NA
0.5,3,OnlineFPCA-sgd,0.1,10400,100,face,3,5,0.148201704025269,0.10650661454404176,0.1656742784540432,0.1967778659194764,0.015402246171860411,0.12738921917605675,0.1893118434393305,NA
0.5,3,OnlineFPCA-sgd,0.1,10500,100,face,3,5,0.119125843048096,0.08855119312546307,0.2129101199146725,0.10632527416574433,0.014582375099867362,0.12667111630801006,0.1878268211669853,NA
0.5,3,OnlineFPCA-sgd,0.1,10600,100,face,3,5,0.119606018066406,0.11890682779425717,0.17736295312840616,0.08636376575318783,0.01311930064513414,0.12543743653444572,0.1857499095176852,NA
0.5,3,OnlineFPCA-sgd,0.1,10700,100,face,3,5,0.11757493019104,0.17738555331468187,0.18769055467152992,0.1408743829345808,0.01278266906982932,0.12430198728319397,0.18353901643368345,NA
0.5,3,OnlineFPCA-sgd,0.1,10800,100,face,3,5,0.1161949634552,0.31688391640824076,0.20641133804931192,0.09870245016963591,0.013925373808689922,0.12306892028688429,0.18167432802865205,NA
0.5,3,OnlineFPCA-sgd,0.1,10900,100,face,3,5,0.120653629302979,0.11132647354376038,0.1253504007197533,0.15757727204399763,0.01454408677861733,0.12185425086516442,0.17917226242171816,NA
0.5,3,OnlineFPCA-sgd,0.1,11000,100,face,3,5,0.152700662612915,0.15731902938653597,0.12639753177864174,0.14313154063395622,0.014528783976357096,0.12087369055406472,0.17699280430735478,NA
0.5,3,OnlineFPCA-sgd,0.1,11100,100,face,3,5,0.115136384963989,0.07781045892033203,0.18561093342790255,0.12168736872634488,0.014675017801711277,0.11957539738661711,0.17563891272054546,NA
0.5,3,OnlineFPCA-sgd,0.1,11200,100,face,3,5,0.11557674407959,0.5156299380752751,0.17685691238570816,0.12312952812134662,0.014558681920444268,0.11838937314856555,0.17386869372486757,NA
0.5,3,OnlineFPCA-sgd,0.1,11300,100,face,3,5,0.117622137069702,0.15853721099370277,0.11800000569987529,0.18169198937479014,0.017251318065237137,0.11684309807673439,0.17274506373837764,NA
0.5,3,OnlineFPCA-sgd,0.1,11400,100,face,3,5,0.117077589035034,0.14262325374253734,0.09802282522438778,0.14404882189171916,0.017344084448135674,0.11621492493525373,0.17210920669723198,NA
0.5,3,OnlineFPCA-sgd,0.1,11500,100,face,3,5,0.126992702484131,0.2941763231617995,0.1762748156389323,0.16001833939019344,0.017493240007845474,0.11563729964038677,0.17104680176499526,NA
0.5,3,OnlineFPCA-sgd,0.1,11600,100,face,3,5,0.140324115753174,0.2598954964123963,0.28016723673326316,0.11414414729641939,0.017813093366875043,0.11523999095850718,0.1699742186196595,NA
0.5,3,OnlineFPCA-sgd,0.1,11700,100,face,3,5,0.117228507995605,0.11925856942674248,0.19899533601278416,0.2407591899644523,0.017447369263258822,0.11495237073084455,0.16968932082172614,NA
0.5,3,OnlineFPCA-sgd,0.1,11800,100,face,3,5,0.118278980255127,0.1616326726827118,0.10748401051864763,0.25044641123511385,0.01581325965116845,0.11433051245877014,0.17038874988019348,NA
0.5,3,OnlineFPCA-sgd,0.1,11900,100,face,3,5,0.117777824401855,0.17740845321183515,0.10588449966907142,0.313168719623467,0.015337277205786344,0.11325009417744297,0.17101281952006386,NA
0.5,3,OnlineFPCA-sgd,0.1,12000,100,face,3,5,0.118947744369507,0.15713047409348346,0.14505938692869944,0.2752187669330098,0.01551519638001314,0.11250416362042363,0.17184296307951663,NA
0.5,3,OnlineFPCA-sgd,0.1,12100,100,face,3,5,0.137871503829956,0.16091665044190648,0.193204568192425,0.3230967613631832,0.015955478719908545,0.11189216070151634,0.1722448652391653,NA
0.5,3,OnlineFPCA-sgd,0.1,12200,100,face,3,5,0.125245809555054,0.17633427722190265,0.15336916042362714,0.3116033519255214,0.01714918459480097,0.11143268415319355,0.17313320646045816,NA
0.5,3,OnlineFPCA-sgd,0.1,12300,100,face,3,5,0.119811296463013,0.16417643530030177,0.28875824942309203,0.25801021431650706,0.01815954776906745,0.11104562076492284,0.17367656625629474,NA
0.5,3,OnlineFPCA-sgd,0.1,12400,100,face,3,5,0.122214794158936,0.23963122365229667,0.16879307054789333,0.2504105544012448,0.019227840881657042,0.1107769717749398,0.17372231955660822,NA
0.5,3,OnlineFPCA-sgd,0.1,12500,100,face,3,5,0.12347412109375,0.23737192599209256,0.21069270028129358,0.2374987799706484,0.018655615477282592,0.11049121390554123,0.17400485878210561,NA
0.5,3,OnlineFPCA-sgd,0.1,12600,100,face,3,5,0.123294830322266,0.15745548028315462,0.17110887810204317,0.17131722554839107,0.01790992393729791,0.11020706837714389,0.17408094237054497,NA
0.5,3,OnlineFPCA-sgd,0.1,12700,100,face,3,5,0.146737813949585,0.09959693448761484,0.16273725788421567,0.16342463998460327,0.017677516378578447,0.11008786492542169,0.17364478567946995,NA
0.5,3,OnlineFPCA-sgd,0.1,12800,100,face,3,5,0.121248006820679,0.2187840575333156,0.157839523499171,0.18913998356969292,0.018230336497852606,0.10990397854295908,0.1736282061387539,NA
0.5,3,OnlineFPCA-sgd,0.1,12900,100,face,3,5,0.11615777015686,0.1489128716373195,0.12937816663385032,0.20955710322307397,0.01864245848546588,0.10945828381253318,0.1737693674917829,NA
0.5,3,OnlineFPCA-sgd,0.1,13000,100,face,3,5,0.117485523223877,0.11400589284849834,0.1421188212111107,0.20224998279352455,0.0186074834826834,0.10895711411190388,0.17369262616078243,NA
0.5,3,OnlineFPCA-sgd,0.1,13100,100,face,3,5,0.120926380157471,0.18645139531305735,0.12549191729798584,0.2339649816922249,0.018521563480744456,0.10826275469288903,0.1737968567989385,NA
0.5,3,OnlineFPCA-sgd,0.1,13200,100,face,3,5,0.125378847122192,0.16338735601240548,0.15792891972793802,0.24281391390413498,0.019454521455167843,0.10745746024094255,0.17406256475932907,NA
0.5,3,OnlineFPCA-sgd,0.1,13300,100,face,3,5,0.138644218444824,0.09718812118305084,0.10595613485309018,0.31129698503286435,0.019673243406093013,0.1068384290098806,0.17455149727819017,NA
0.5,3,OnlineFPCA-sgd,0.1,13400,100,face,3,5,0.116799116134644,0.18356539699564212,0.12152114077656115,0.2751418259648142,0.020054917000481776,0.10638501714957735,0.17545170695878923,NA
0.5,3,OnlineFPCA-sgd,0.1,13500,100,face,3,5,0.119310140609741,0.08321296392146199,0.22714429572543246,0.259255107233477,0.019642138626950023,0.1059507570295995,0.1763745360833472,NA
0.5,3,OnlineFPCA-sgd,0.1,13600,100,face,3,5,0.117687702178955,0.19880372556129258,0.196639144117375,0.2654762288227866,0.019753745350002513,0.10555835173895799,0.177198850675455,NA
0.5,3,OnlineFPCA-sgd,0.1,13700,100,face,3,5,0.118789434432983,0.13631251011766418,0.17744141003164304,0.18210469062251014,0.01909529551179415,0.10503604753639978,0.1774657436581529,NA
0.5,3,OnlineFPCA-sgd,0.1,13800,100,face,3,5,0.134276628494263,0.08793741165641789,0.09094684083793285,0.06730407929687027,0.019082032485446584,0.10451438512223817,0.17672991142711503,NA
0.5,3,OnlineFPCA-sgd,0.1,13900,100,face,3,5,0.124994516372681,0.16882710723858085,0.13787304514747084,0.13820995271629344,0.018154790906751175,0.10385745753661325,0.17564937824090573,NA
0.5,3,OnlineFPCA-sgd,0.1,14000,100,face,3,5,0.116252660751343,0.15511096384900355,0.1633386699620401,0.13398983035698117,0.017048230541408516,0.10319879288063825,0.17470671008162544,NA
0.5,3,OnlineFPCA-sgd,0.1,14100,100,face,3,5,0.120107650756836,0.11867001287713089,0.1671335858483366,0.11702015933540025,0.017341132575471156,0.10260196991461618,0.1735484458201499,NA
0.5,3,OnlineFPCA-sgd,0.1,14200,100,face,3,5,0.117922067642212,0.11902609468187839,0.18768955163575746,0.14646914996663607,0.01725142638364098,0.10225136494051541,0.17234860371674576,NA
0.5,3,OnlineFPCA-sgd,0.1,14300,100,face,3,5,0.120409727096558,0.11527705147799774,0.14092973905629716,0.1030595922582038,0.0170727610978488,0.10180438559522045,0.17134505037541303,NA
0.5,3,OnlineFPCA-sgd,0.1,14400,100,face,3,5,0.139224052429199,0.16472454226135963,0.14972848510330147,0.12993121157354498,0.017150334056476743,0.10146195206630232,0.17061364361719883,NA
0.5,3,OnlineFPCA-sgd,0.1,14500,100,face,3,5,0.118000268936157,0.1699207793752791,0.1622624249531357,0.17786877023551334,0.017025277186734845,0.10118721036474188,0.1699444909560148,NA
0.5,3,OnlineFPCA-sgd,0.1,14600,100,face,3,5,0.118866682052612,0.18979457709284986,0.18543364566460993,0.1431799667095226,0.017388899205494208,0.1008677744616743,0.16917706587789322,NA
0.5,3,OnlineFPCA-sgd,0.1,14700,100,face,3,5,0.117197275161743,0.16855071562547205,0.1649990171541172,0.12130318355718603,0.017655699862163924,0.10028641359728827,0.16864393377552983,NA
0.5,3,OnlineFPCA-sgd,0.1,14800,100,face,3,5,0.117424011230469,0.23738116591271857,0.22283403220985148,0.10256098412116715,0.017658073039077904,0.09954281161709948,0.1678329896683315,NA
0.5,3,OnlineFPCA-sgd,0.1,14900,100,face,3,5,0.127905368804932,0.15729771105800353,0.15558911115848012,0.153369589577619,0.01713584384261022,0.09895537536754051,0.16697506332651063,NA
0.5,3,OnlineFPCA-sgd,0.1,15000,100,face,3,5,0.323466062545776,0.04987597555154003,0.12037191018619815,0.15004651845236505,0.01653535358768117,0.0985587762607852,0.16649113311836833,NA
0.5,3,OnlineFPCA-adagrad,0.1,0,100,face,3,5,0.925454616546631,0.39327535231326716,1.2582273328302869,1.231882289130313,0.39327535231326716,1.2582273328302869,1.231882289130313,1.0000000000000004e-6
0.5,3,OnlineFPCA-adagrad,0.1,100,100,face,3,5,0.445427656173706,0.4725983021309957,1.4257541175700061,1.42890670279934,NA,NA,NA,1.7782794100389236e-5
0.5,3,OnlineFPCA-adagrad,0.1,200,100,face,3,5,0.439614057540894,0.643323854420852,1.0224729737392222,1.102727741877189,NA,NA,NA,1.7782794100389236e-5
0.5,3,OnlineFPCA-adagrad,0.1,300,100,face,3,5,0.442727088928223,0.3655789059399409,0.929398376125267,0.7764280238281644,NA,NA,NA,1.7782794100389236e-5
0.5,3,OnlineFPCA-adagrad,0.1,400,100,face,3,5,0.442148447036743,0.5797877898820414,1.3437370317991113,1.4306076364733675,NA,NA,NA,5.975009126276091e-6
0.5,3,OnlineFPCA-adagrad,0.1,500,100,face,3,5,0.4403235912323,0.4283525969236938,1.2448399121397602,1.3773057479850286,NA,NA,NA,1.5188074618202785e-5
0.5,3,OnlineFPCA-adagrad,0.1,600,100,face,3,5,0.443890571594238,0.23871375767623113,0.6372301504547256,0.6242153924622129,NA,NA,NA,3.452402662358288e-5
0.5,3,OnlineFPCA-adagrad,0.1,700,100,face,3,5,0.462249517440796,0.2154848798966387,0.6319553596230965,0.6168610181251245,NA,NA,NA,7.215434815083394e-5
0.5,3,OnlineFPCA-adagrad,0.1,800,100,face,3,5,0.438422203063965,0.1770052928728266,0.6275644568986408,0.6059472129562194,NA,NA,NA,1.412002018131763e-4
0.5,3,OnlineFPCA-adagrad,0.1,900,100,face,3,5,0.443921327590942,0.1481581029980274,0.6244814801583629,0.5969436980804822,NA,NA,NA,2.620190234480095e-4
0.5,3,OnlineFPCA-adagrad,0.1,1000,100,face,3,5,0.440346002578735,0.13554654557681717,0.6200264299243364,0.5890387664938128,NA,NA,NA,1.475451826351715e-4
0.5,3,OnlineFPCA-adagrad,0.1,1100,100,face,3,5,0.614494800567627,0.09734726221461075,0.4953401479306266,0.5355176098572999,0.0764098108159142,0.5385561879168312,0.5467813475647212,2.5248523742569146e-4
0.5,3,OnlineFPCA-adagrad,0.1,1200,100,face,3,5,0.605390071868896,0.7121885042891475,0.48586132766111845,0.46832703620929167,0.08569811721575275,0.4889289325106943,0.5292052359990664,1.5230403790388386e-4
0.5,3,OnlineFPCA-adagrad,0.1,1300,100,face,3,5,0.613538503646851,0.15048727252779245,0.4328465133020496,0.47418589696042446,0.08721650280067793,0.46247761761191447,0.5054001719916038,1.5230403790388386e-4
0.5,3,OnlineFPCA-adagrad,0.1,1400,100,face,3,5,0.622296094894409,0.5065135318744258,0.5065229967053329,0.5250025831781476,0.08541657224769676,0.4616391094943388,0.4951738578993929,9.674788415014688e-5
0.5,3,OnlineFPCA-adagrad,0.1,1500,100,face,3,5,0.609419345855713,0.19538775107791775,0.3973963382791826,0.41609559051081013,0.061914860111016816,0.44052773923127214,0.4697377805769316,6.278600652300075e-5
0.5,3,OnlineFPCA-adagrad,0.1,1600,100,face,3,5,0.622293949127197,0.1535396391838441,0.39369276344048865,0.41808748687231034,0.060976552979365155,0.4327292263873633,0.459071164817716,6.278600652300075e-5
0.5,3,OnlineFPCA-adagrad,0.1,1700,100,face,3,5,0.600644111633301,0.11595165977910683,0.3907277939374159,0.42021489166866455,0.06520162089972492,0.4270906354036187,0.4517242512083125,4.225092258509567e-5
0.5,3,OnlineFPCA-adagrad,0.1,1800,100,face,3,5,0.612103939056396,0.09674611418190142,0.38722033380582027,0.4194637154613051,0.06690493903616619,0.4222317921366685,0.4470314254542997,4.225092258509567e-5
0.5,3,OnlineFPCA-adagrad,0.1,1900,100,face,3,5,0.615531206130981,0.08472619171903337,0.38258852830908807,0.4180711458558296,0.06778013507340856,0.4178507777193545,0.4432872417847236,4.225092258509567e-5
0.5,3,OnlineFPCA-adagrad,0.1,2000,100,face,3,5,0.800665378570557,0.07861196449927035,0.38520994765831906,0.41782691670572963,0.06781509086697161,0.41432145746129284,0.44054696520173936,4.225092258509567e-5
0.5,3,OnlineFPCA-adagrad,0.1,2100,100,face,3,5,0.616874217987061,0.16640758529389002,0.41705533131397377,0.4936510255531999,0.06898128184304246,0.4105861260609531,0.43860271566385683,3.0023591339052327e-5
0.5,3,OnlineFPCA-adagrad,0.1,2200,100,face,3,5,0.605159521102905,0.18693144693777614,0.3751092389784898,0.4235397913777809,0.07717895871778968,0.4046119589594835,0.4383445886620804,3.0023591339052327e-5
0.5,3,OnlineFPCA-adagrad,0.1,2300,100,face,3,5,0.602620840072632,0.25482248458135043,0.4120891966250198,0.3814088594213584,0.07267197880696014,0.40009130682928806,0.4322704387087526,2.1789285694955622e-5
0.5,3,OnlineFPCA-adagrad,0.1,2400,100,face,3,5,0.600645065307617,0.20027610858231648,0.38475145788946863,0.40046033027798983,0.07112218265871353,0.39757098422687964,0.42502063635314935,2.1789285694955622e-5
0.5,3,OnlineFPCA-adagrad,0.1,2500,100,face,3,5,0.616081953048706,0.2703507341501641,0.4351392485184544,0.37612164145833765,0.06272909633590705,0.3946046772144933,0.4207088757371247,1.6103363748686433e-5
0.5,3,OnlineFPCA-adagrad,0.1,2600,100,face,3,5,0.66081166267395,0.11063355571143411,0.3272697459755448,0.36087171268746826,0.0550470326755356,0.3902188047638902,0.4181255699932077,1.1999044648495289e-5
0.5,3,OnlineFPCA-adagrad,0.1,2700,100,face,3,5,0.662931680679321,0.09927327469129328,0.29318974196261494,0.32970781819463924,0.051558549164992855,0.38425147850851327,0.41321773096265196,6.765023653042518e-6
0.5,3,OnlineFPCA-adagrad,0.1,2800,100,face,3,5,0.649755954742432,0.1599366296369592,0.29502235471789356,0.3376109033677096,0.04845881642570861,0.37827521792802776,0.4088056734879919,6.765023653042518e-6
0.5,3,OnlineFPCA-adagrad,0.1,2900,100,face,3,5,0.665371656417847,0.1249563722671153,0.30651116050828126,0.31205843985458365,0.049281518763933184,0.3720026014572916,0.4031649238245877,6.765023653042518e-6
0.5,3,OnlineFPCA-adagrad,0.1,3000,100,face,3,5,0.655387878417969,0.09286330813716528,0.28500207791580073,0.3055805728274072,0.046742860290687804,0.36519794073491074,0.3940883795105905,6.765023653042518e-6
0.5,3,OnlineFPCA-adagrad,0.1,3100,100,face,3,5,0.665517807006836,0.1548259423542984,0.25453701600127426,0.302926077712602,0.0428810967054113,0.3575538716724942,0.3872136422127883,6.765023653042518e-6
0.5,3,OnlineFPCA-adagrad,0.1,3200,100,face,3,5,0.661845922470093,0.14716688946844653,0.2638468914353156,0.3048304587111586,0.04293261673379322,0.3506119510458813,0.3811145547985187,5.245463686579331e-6
0.5,3,OnlineFPCA-adagrad,0.1,3300,100,face,3,5,0.689277410507202,0.0717666248025514,0.18737615055895848,0.40398127465764555,0.042078409008824404,0.34285804309644913,0.3765106088978901,5.245463686579331e-6
0.5,3,OnlineFPCA-adagrad,0.1,3400,100,face,3,5,0.652374744415283,0.15056661604778454,0.19347809720240491,0.3300055602172126,0.042363884674275064,0.33389401516629447,0.37085202981617016,4.110446987908873e-6
0.5,3,OnlineFPCA-adagrad,0.1,3500,100,face,3,5,0.66791820526123,0.06248328477776495,0.2854588080286213,0.3226422034024758,0.039306136518578616,0.3257085333280905,0.36554171073860947,4.110446987908873e-6
0.5,3,OnlineFPCA-adagrad,0.1,3600,100,face,3,5,0.66716742515564,0.16052559834031208,0.2156646316020557,0.27274068562894616,0.0394123164489766,0.31906668577260244,0.3603468437552806,3.2519774239384806e-6
0.5,3,OnlineFPCA-adagrad,0.1,3700,100,face,3,5,0.657925367355347,0.11341009178230345,0.17996850473731468,0.1735608113995621,0.036190770813430716,0.31105002554961936,0.352938024799401,2.5842750124125423e-6
0.5,3,OnlineFPCA-adagrad,0.1,3800,100,face,3,5,0.839917421340942,0.060636887755279666,0.10993098250487207,0.11645885722540712,0.03412875529730452,0.3026314808170716,0.3425158563941927,2.06241405390712e-6
0.5,3,OnlineFPCA-adagrad,0.1,3900,100,face,3,5,0.672315359115601,0.17065623030549393,0.2175534961679934,0.15361450347629138,0.03212148522801209,0.2934589965454175,0.33191021561980744,1.6526395331175858e-6
0.5,3,OnlineFPCA-adagrad,0.1,4000,100,face,3,5,0.667371511459351,0.03144084877918861,0.28394111496751345,0.32263849383870036,0.03144084877918861,0.28394111496751345,0.32263849383870036,1.6526395331175858e-6
0.5,3,OnlineFPCA-adagrad,0.1,4100,100,face,3,5,0.649571895599365,0.10633829063041705,0.30840594270460736,0.3552247941051804,0.10769207904937898,0.28488291226597123,0.3244887101980747,1.6526395331175858e-6
0.5,3,OnlineFPCA-adagrad,0.1,4200,100,face,3,5,0.655490636825562,0.08087244350369467,0.31411193330304354,0.3680431872832762,0.10078620300203932,0.29300793497868494,0.3084489154079502,1.3391940152503235e-6
0.5,3,OnlineFPCA-adagrad,0.1,4300,100,face,3,5,0.658434152603149,0.09603567221540242,0.3116167205203787,0.2952332363081676,0.06825362337567253,0.30260532352312797,0.30761027396309837,1.3391940152503235e-6
0.5,3,OnlineFPCA-adagrad,0.1,4400,100,face,3,5,0.66214394569397,0.16186306804535333,0.29534550341950333,0.31938913955095083,0.05646757154500671,0.288712505409255,0.30683854786574927,1.0925345490847984e-6
0.5,3,OnlineFPCA-adagrad,0.1,4500,100,face,3,5,0.672275304794312,0.170678437296492,0.2783101894776065,0.3319779626752406,0.0515610238559155,0.28552495384491466,0.30693280200464246,1.0925345490847984e-6
0.5,3,OnlineFPCA-adagrad,0.1,4600,100,face,3,5,0.654255867004395,0.1328884566319226,0.30941241568004885,0.275608546456467,0.04853099825124152,0.28038628766365337,0.2968788106555753,8.968822607388423e-7
0.5,3,OnlineFPCA-adagrad,0.1,4700,100,face,3,5,0.653050184249878,0.14344130185130072,0.3166696805895903,0.2691970849216448,0.043756036247039734,0.2656696489429388,0.2920461669847755,7.384416428157713e-7
0.5,3,OnlineFPCA-adagrad,0.1,4800,100,face,3,5,0.653766393661499,0.20627010763827178,0.38336726331146465,0.23566093768852303,0.044498313092056756,0.2628461965671878,0.2835400316848958,7.384416428157713e-7
0.5,3,OnlineFPCA-adagrad,0.1,4900,100,face,3,5,0.650313854217529,0.11808145399702495,0.29932054085871407,0.2455796814606358,0.03928066082221118,0.25274922518071086,0.26991100731906265,7.384416428157713e-7
0.5,3,OnlineFPCA-adagrad,0.1,5000,100,face,3,5,0.663292646408081,0.06337476442437731,0.26303460856829547,0.25680672226801643,0.03306242797594655,0.24502124677416012,0.26113972795252194,7.384416428157713e-7
0.5,3,OnlineFPCA-adagrad,0.1,5100,100,face,3,5,0.133605241775513,0.08602111672299236,0.3181735003847446,0.2986780938722111,0.031832808482021795,0.24410110792040057,0.2604439484842497,NA
0.5,3,OnlineFPCA-adagrad,0.1,5200,100,face,3,5,0.12877631187439,0.19630405875668577,0.22833074619967278,0.3886887658784739,0.03233527645932079,0.24377288884469628,0.26190015995710236,NA
0.5,3,OnlineFPCA-adagrad,0.1,5300,100,face,3,5,0.138839483261108,0.10713085680727641,0.24399154228345835,0.26116621246472427,0.03388808276165943,0.23942903083354958,0.259913765675795,NA
0.5,3,OnlineFPCA-adagrad,0.1,5400,100,face,3,5,0.135265111923218,0.10041006450427852,0.22222851837960955,0.2443236896196716,0.028211490452153445,0.23241706061242828,0.2562710151537281,NA
0.5,3,OnlineFPCA-adagrad,0.1,5500,100,face,3,5,0.127985954284668,0.04478834073197674,0.24908105392797572,0.17727890470894056,0.025182380628075967,0.22513905776436763,0.24703921973368173,NA
0.5,3,OnlineFPCA-adagrad,0.1,5600,100,face,3,5,0.136257648468018,0.08739791028248929,0.19788442788617008,0.14742823478158176,0.019205076157398162,0.21709234171749928,0.2363136776161139,NA
0.5,3,OnlineFPCA-adagrad,0.1,5700,100,face,3,5,0.135296583175659,0.11724798443991521,0.20576070186178388,0.26056611348288494,0.018497962817336067,0.20934099420463692,0.22671339026621054,NA
0.5,3,OnlineFPCA-adagrad,0.1,5800,100,face,3,5,0.133649826049805,0.22089849667038067,0.22571891990819198,0.20452566728377555,0.01625972058643914,0.20219756214345125,0.21955956136643023,NA
0.5,3,OnlineFPCA-adagrad,0.1,5900,100,face,3,5,0.135197162628174,0.09593804687400675,0.1675763276513819,0.28787375232365775,0.017858835169794175,0.19674450918388134,0.2103888128345127,NA
0.5,3,OnlineFPCA-adagrad,0.1,6000,100,face,3,5,0.136827707290649,0.11121648786278825,0.16529831622109895,0.18760233555056324,0.019409423222529257,0.1929608268856452,0.20395647147560617,NA
0.5,3,OnlineFPCA-adagrad,0.1,6100,100,face,3,5,0.132889032363892,0.07255918298296156,0.2108192629289238,0.17245581730249426,0.02064231914311237,0.1872856020585275,0.19929834036201868,NA
0.5,3,OnlineFPCA-adagrad,0.1,6200,100,face,3,5,0.138386964797974,0.26533005247316316,0.21990345644149029,0.14229347168631412,0.02091362058858477,0.18256022745592124,0.1939722377303884,NA
0.5,3,OnlineFPCA-adagrad,0.1,6300,100,face,3,5,0.136013269424438,0.10627976429401269,0.15059766801794985,0.24349466256690494,0.022717414618293266,0.17761622403027374,0.1907904586072956,NA
0.5,3,OnlineFPCA-adagrad,0.1,6400,100,face,3,5,0.134308338165283,0.11357878840454629,0.0938368374301174,0.20506172115847,0.023205363383605886,0.17490348106681525,0.18888140391854585,NA
0.5,3,OnlineFPCA-adagrad,0.1,6500,100,face,3,5,0.137409687042236,0.2233938338927479,0.20716078585983605,0.21536967299139753,0.022971775064587776,0.1716073734141474,0.18614482059223042,NA
0.5,3,OnlineFPCA-adagrad,0.1,6600,100,face,3,5,0.131714820861816,0.1708191856847995,0.3121816723490135,0.10497017862202217,0.02424999656024707,0.16949406378395965,0.18285323824185087,NA
0.5,3,OnlineFPCA-adagrad,0.1,6700,100,face,3,5,0.137784719467163,0.07111510016900198,0.19271310301642702,0.2884683587135762,0.023778763127519666,0.16822768177258968,0.18112669429369524,NA
0.5,3,OnlineFPCA-adagrad,0.1,6800,100,face,3,5,0.125679492950439,0.11757728206566978,0.1361613356446759,0.2662531080392497,0.02024316302421373,0.16592978349391227,0.1826600267057271,NA
0.5,3,OnlineFPCA-adagrad,0.1,6900,100,face,3,5,0.136496305465698,0.11354445372388425,0.12816766694565207,0.34893087847374316,0.017859061957773585,0.1623224744195589,0.18298613587602525,NA
0.5,3,OnlineFPCA-adagrad,0.1,7000,100,face,3,5,0.138973474502563,0.11751518764363449,0.20814734486536324,0.3094286373614664,0.01663426981198974,0.15984333021069563,0.18279523233543188,NA
0.5,3,OnlineFPCA-adagrad,0.1,7100,100,face,3,5,0.132604122161865,0.08269717015693723,0.2273929567578336,0.41114862789074436,0.01633795696165969,0.15813690615387815,0.18164191462562773,NA
0.5,3,OnlineFPCA-adagrad,0.1,7200,100,face,3,5,0.137943744659424,0.14351278413954738,0.17004836425959768,0.38104287608961873,0.018004439162531496,0.15632335090274196,0.18333126454608487,NA
0.5,3,OnlineFPCA-adagrad,0.1,7300,100,face,3,5,0.131749629974365,0.12340333092331518,0.333637633273406,0.2809740467017333,0.020173536843913688,0.15506570902539082,0.1846312296464187,NA
0.5,3,OnlineFPCA-adagrad,0.1,7400,100,face,3,5,0.132342576980591,0.17044474521741954,0.20304677639112909,0.26700628214910455,0.021702454185507467,0.15458763549359072,0.18492235306751503,NA
0.5,3,OnlineFPCA-adagrad,0.1,7500,100,face,3,5,0.133084297180176,0.15030373112372966,0.2355719713025356,0.2822811657507235,0.0215184631143317,0.15435431194506505,0.18589755952398854,NA
0.5,3,OnlineFPCA-adagrad,0.1,7600,100,face,3,5,0.132020235061646,0.09726101558036597,0.19057133177243196,0.1885317017681685,0.020111065098178293,0.15335124157894414,0.18659109517320277,NA
0.5,3,OnlineFPCA-adagrad,0.1,7700,100,face,3,5,0.133360862731934,0.09122998464142047,0.1673381605459129,0.1796406343543916,0.019528237202649783,0.15219573515352422,0.18519970557476242,NA
0.5,3,OnlineFPCA-adagrad,0.1,7800,100,face,3,5,0.133136510848999,0.1352860625053393,0.16712295805392083,0.21050117235615812,0.020296392152570134,0.15067987285485113,0.18495666070536476,NA
0.5,3,OnlineFPCA-adagrad,0.1,7900,100,face,3,5,0.133920431137085,0.11343115099325783,0.14492499886841478,0.25419972841972793,0.020590590186675986,0.14890165709589515,0.18475799001204918,NA
0.5,3,OnlineFPCA-adagrad,0.1,8000,100,face,3,5,0.137538433074951,0.07867911907086221,0.15773987412902096,0.246483407483937,0.020306451075962136,0.14692945030896998,0.18369993178066574,NA
0.5,3,OnlineFPCA-adagrad,0.1,8100,100,face,3,5,0.131473302841187,0.14630491419699168,0.13369210465612244,0.24524865115756203,0.019923498860653262,0.14452906882487393,0.18308142019945597,NA
0.5,3,OnlineFPCA-adagrad,0.1,8200,100,face,3,5,0.136296510696411,0.1481176313236481,0.1749357943988527,0.252018201696172,0.021002635570429015,0.14254518869894267,0.18298612277541262,NA
0.5,3,OnlineFPCA-adagrad,0.1,8300,100,face,3,5,0.140637159347534,0.07343135214864194,0.110804390119436,0.3600322156855763,0.021565576183249193,0.14036108390509008,0.1835866325381265,NA
0.5,3,OnlineFPCA-adagrad,0.1,8400,100,face,3,5,0.136181831359863,0.1346720381407783,0.1272249543701708,0.27214272690312513,0.021996547901647786,0.13803041635724855,0.184392213681778,NA
0.5,3,OnlineFPCA-adagrad,0.1,8500,100,face,3,5,0.128811836242676,0.05394794224554159,0.2288378157721957,0.24425450131638776,0.021108842468174294,0.13607781834030785,0.1849220401336795,NA
0.5,3,OnlineFPCA-adagrad,0.1,8600,100,face,3,5,0.137359380722046,0.1463040778263871,0.16900247380882666,0.2384758755006587,0.021187807571223936,0.13445930283281093,0.18526800267560709,NA
0.5,3,OnlineFPCA-adagrad,0.1,8700,100,face,3,5,0.13163423538208,0.10979739189719748,0.160936241687747,0.15160185672655915,0.01994174524418727,0.13229313817668997,0.1837064828403856,NA
0.5,3,OnlineFPCA-adagrad,0.1,8800,100,face,3,5,0.133367300033569,0.05466064414922452,0.09393721009754813,0.11546216606050869,0.0191866703795001,0.12999970659276222,0.17960673990439074,NA
0.5,3,OnlineFPCA-adagrad,0.1,8900,100,face,3,5,0.134891986846924,0.15240261390292384,0.1833494680001891,0.12963565328643997,0.01744533985449162,0.1275242077941793,0.17530125464401972,NA
0.5,3,OnlineFPCA-adagrad,0.1,9000,100,face,3,5,0.135041475296021,0.16698310706176453,0.18773846519999227,0.16160457088458194,0.015484517517545362,0.12495204622734384,0.17194683718648843,NA
0.5,3,OnlineFPCA-adagrad,0.1,9100,100,face,3,5,0.132894515991211,0.09537231121622786,0.1996789875956038,0.1228295657851018,0.015770039302363714,0.12295881771363965,0.16861540882961046,NA
0.5,3,OnlineFPCA-adagrad,0.1,9200,100,face,3,5,0.133433103561401,0.08925942453884071,0.1919221068961045,0.1659299524680875,0.01590617027961182,0.12154627356198591,0.1654326969873441,NA
0.5,3,OnlineFPCA-adagrad,0.1,9300,100,face,3,5,0.134214878082275,0.09784834964847769,0.13842374764765694,0.10335760530815714,0.015964338085559436,0.12005803044461134,0.16317751491259858,NA
0.5,3,OnlineFPCA-adagrad,0.1,9400,100,face,3,5,0.136961698532104,0.12045968250921983,0.1612765525067687,0.13374046987362545,0.01627064322724426,0.11886235431255829,0.16170272682168468,NA
0.5,3,OnlineFPCA-adagrad,0.1,9500,100,face,3,5,0.133450269699097,0.14412326845928683,0.15289293262930567,0.207019355105926,0.016328766074033024,0.11796099794026416,0.16037717706396754,NA
0.5,3,OnlineFPCA-adagrad,0.1,9600,100,face,3,5,0.13555645942688,0.10015891669565467,0.1772597535308656,0.14604390420869856,0.016718303160662792,0.11686565449455695,0.15854775900325585,NA
0.5,3,OnlineFPCA-adagrad,0.1,9700,100,face,3,5,0.136037111282349,0.1241386386958205,0.17201322933511876,0.12361774112706142,0.016910420425753164,0.11509534470891661,0.15744702540262195,NA
0.5,3,OnlineFPCA-adagrad,0.1,9800,100,face,3,5,0.131234645843506,0.15865651242179896,0.26375649117255406,0.14018009899915107,0.017553954140715283,0.11343908975775883,0.15583941451593417,NA
0.5,3,OnlineFPCA-adagrad,0.1,9900,100,face,3,5,0.136460065841675,0.09497839550111813,0.19463377707213284,0.17306896895361298,0.017334557741105816,0.11196979836066813,0.15421921500193897,NA
0.5,3,OnlineFPCA-adagrad,0.1,10000,100,face,3,5,0.136185646057129,0.052579008688936515,0.13444515493839282,0.13574453107591203,0.01650424290359444,0.11107594777620422,0.1530007099404912,NA
0.5,3,OnlineFPCA-adagrad,0.1,10100,100,face,3,5,0.127793550491333,0.08521759468489826,0.1792400888851136,0.1998609500922897,0.015306801926750243,0.11114463343269172,0.15286145372684634,NA
0.5,3,OnlineFPCA-adagrad,0.1,10200,100,face,3,5,0.134120464324951,0.15098846008085984,0.12825227041954115,0.2503050202563674,0.014923706191742369,0.11114251503778051,0.1533648293617279,NA
0.5,3,OnlineFPCA-adagrad,0.1,10300,100,face,3,5,0.137097835540771,0.08448776369824315,0.1716942458070453,0.16521815711953602,0.0154535156141793,0.11095119895376712,0.1533669466807792,NA
0.5,3,OnlineFPCA-adagrad,0.1,10400,100,face,3,5,0.131582498550415,0.08822737690365773,0.15761352317667152,0.15780150175731533,0.014183020456786228,0.11060726428681232,0.15291807472581176,NA
0.5,3,OnlineFPCA-adagrad,0.1,10500,100,face,3,5,0.134502172470093,0.041964733646838566,0.19245834462638656,0.11875453206524221,0.013446646159471097,0.11023151823236127,0.15131775949736728,NA
0.5,3,OnlineFPCA-adagrad,0.1,10600,100,face,3,5,0.133568048477173,0.07894514886496887,0.14638021771431997,0.1144007414351837,0.01259919641634091,0.10928464733490527,0.14918196164415354,NA
0.5,3,OnlineFPCA-adagrad,0.1,10700,100,face,3,5,0.132468223571777,0.09786919319195009,0.17096097718325418,0.20749937081674688,0.012062368189400862,0.1084556573305588,0.14693452818275377,NA
0.5,3,OnlineFPCA-adagrad,0.1,10800,100,face,3,5,0.135547637939453,0.18551785653533087,0.18010095771465104,0.15355967782208246,0.012614468143664175,0.10741419630968892,0.14540139582902886,NA
0.5,3,OnlineFPCA-adagrad,0.1,10900,100,face,3,5,0.132236242294312,0.08364386940745516,0.1130637936024397,0.20943116741425255,0.01331344695952063,0.10648031059351812,0.14297227317345643,NA
0.5,3,OnlineFPCA-adagrad,0.1,11000,100,face,3,5,0.132698059082031,0.1030605168792606,0.12167586325251956,0.13876258084773593,0.013459664107757174,0.1057573316437889,0.1410145131042516,NA
0.5,3,OnlineFPCA-adagrad,0.1,11100,100,face,3,5,0.129009962081909,0.06938525128366092,0.15707455727647043,0.1162756610641781,0.013508432844889203,0.10481806650394411,0.13999534130538233,NA
0.5,3,OnlineFPCA-adagrad,0.1,11200,100,face,3,5,0.13663649559021,0.19335650637538074,0.15837047235926133,0.11077186823811747,0.013044894483007278,0.10391162393508209,0.13850085452463928,NA
0.5,3,OnlineFPCA-adagrad,0.1,11300,100,face,3,5,0.133321762084961,0.08623666648278693,0.11633301467283218,0.1939542811429923,0.013915374115839686,0.10256868417501153,0.13806430504380757,NA
0.5,3,OnlineFPCA-adagrad,0.1,11400,100,face,3,5,0.134613752365112,0.08726301646382309,0.06594696803941826,0.17746142769382314,0.013783776401190046,0.10219178042923655,0.13798859066979283,NA
0.5,3,OnlineFPCA-adagrad,0.1,11500,100,face,3,5,0.138550519943237,0.18371835013277296,0.16834931314053278,0.18972465486783724,0.0141188712570553,0.10182826589809374,0.1374264284866978,NA
0.5,3,OnlineFPCA-adagrad,0.1,11600,100,face,3,5,0.137630462646484,0.14672669830012264,0.26414877232955275,0.0974727233053095,0.014841437690566808,0.10174245025025445,0.1368639778996433,NA
0.5,3,OnlineFPCA-adagrad,0.1,11700,100,face,3,5,0.134817361831665,0.049276279070114684,0.16328906796681744,0.24747440807147653,0.015108507762253153,0.10170324947978697,0.13686282401260982,NA
0.5,3,OnlineFPCA-adagrad,0.1,11800,100,face,3,5,0.136990070343018,0.1035676825915236,0.097946517575003,0.24781887516100767,0.014278664837039812,0.10132970872401233,0.13798050003410542,NA
0.5,3,OnlineFPCA-adagrad,0.1,11900,100,face,3,5,0.135599851608276,0.08090634065701499,0.09367350958643314,0.3073570846169307,0.013656874582457693,0.10050087434755808,0.13876513676690744,NA
0.5,3,OnlineFPCA-adagrad,0.1,12000,100,face,3,5,0.13166069984436,0.11152816424939653,0.15409213131992372,0.25192400786021324,0.01357641644124639,0.10008596205137349,0.1394359976290521,NA
0.5,3,OnlineFPCA-adagrad,0.1,12100,100,face,3,5,0.133540153503418,0.06526656002555009,0.18632679506059374,0.33849709903909003,0.01377045341959471,0.0998696112581604,0.13953933658534973,NA
0.5,3,OnlineFPCA-adagrad,0.1,12200,100,face,3,5,0.138088464736938,0.12815213631572908,0.1442799244382313,0.3240793131778272,0.014575055878799459,0.09969016546506011,0.14049808658774854,NA
0.5,3,OnlineFPCA-adagrad,0.1,12300,100,face,3,5,0.135655879974365,0.10963889121346843,0.2829477288977512,0.25342328071892517,0.015427150500624149,0.09955722004241102,0.14121514947281108,NA
0.5,3,OnlineFPCA-adagrad,0.1,12400,100,face,3,5,0.137499809265137,0.14973785227580963,0.1649920004495809,0.24001067223727468,0.01582257497873779,0.09957048285327745,0.14142654314227857,NA
0.5,3,OnlineFPCA-adagrad,0.1,12500,100,face,3,5,0.133991956710815,0.12885862680351184,0.19725201764919587,0.2466790490911328,0.015396007650421258,0.09956161959180065,0.14192978347710988,NA
0.5,3,OnlineFPCA-adagrad,0.1,12600,100,face,3,5,0.139267444610596,0.08802214850410199,0.16404327697782636,0.17238018992042264,0.014525259154630812,0.09944750812163848,0.1424128078369892,NA
0.5,3,OnlineFPCA-adagrad,0.1,12700,100,face,3,5,0.137541770935059,0.08293133018569028,0.1402165194490372,0.16532793167530307,0.014093515983557995,0.099406169420758,0.14210648258569633,NA
0.5,3,OnlineFPCA-adagrad,0.1,12800,100,face,3,5,0.138602018356323,0.1129774218441505,0.1373790584891235,0.19335231331879885,0.014378860398031634,0.09917851477585139,0.14232353858959695,NA
0.5,3,OnlineFPCA-adagrad,0.1,12900,100,face,3,5,0.14014458656311,0.09895691828255043,0.10762337150799375,0.2275091459790121,0.01471929641176027,0.09868970638408,0.1426949809971993,NA
0.5,3,OnlineFPCA-adagrad,0.1,13000,100,face,3,5,0.137727737426758,0.06722128932029976,0.12991197746031263,0.21867977321386242,0.014976975178293429,0.0981493984006686,0.14276549110117717,NA
0.5,3,OnlineFPCA-adagrad,0.1,13100,100,face,3,5,0.13495659828186,0.12571021573896954,0.11289671564216171,0.2296423780854363,0.01521386680837486,0.09736937779528519,0.14297439921583088,NA
0.5,3,OnlineFPCA-adagrad,0.1,13200,100,face,3,5,0.14205265045166,0.1410947121577376,0.15134321217447286,0.2338268618154597,0.016103614962954014,0.09662705786119996,0.14331504975904055,NA
0.5,3,OnlineFPCA-adagrad,0.1,13300,100,face,3,5,0.138092994689941,0.0741288614834087,0.08593192203878325,0.32843384516211266,0.01665379990087318,0.09592131606452323,0.14400027358952797,NA
0.5,3,OnlineFPCA-adagrad,0.1,13400,100,face,3,5,0.1381995677948,0.12190554840722556,0.1109202961588592,0.25193939139756827,0.01720417895099669,0.09534838203029541,0.14493868923197678,NA
0.5,3,OnlineFPCA-adagrad,0.1,13500,100,face,3,5,0.139978647232056,0.05248333082908094,0.20025079103845622,0.23065572180336075,0.01711881859679307,0.09491761550881539,0.14574758059227116,NA
0.5,3,OnlineFPCA-adagrad,0.1,13600,100,face,3,5,0.137897491455078,0.13085953629853636,0.15296515819549916,0.22799683014912248,0.017288485059640913,0.09447868227576842,0.14643228218570517,NA
0.5,3,OnlineFPCA-adagrad,0.1,13700,100,face,3,5,0.145646095275879,0.09980158812081376,0.14773384117190808,0.14196625416040193,0.016919756656514587,0.09377083097859697,0.14621944751927127,NA
0.5,3,OnlineFPCA-adagrad,0.1,13800,100,face,3,5,0.136773824691772,0.05345211478303623,0.09068242003329657,0.0826787279196761,0.01652874321938977,0.09307850738777249,0.1448661235628826,NA
0.5,3,OnlineFPCA-adagrad,0.1,13900,100,face,3,5,0.136046886444092,0.1391302516997072,0.15622553934471478,0.12877882225440987,0.01593426149196624,0.09234643155577832,0.14334576028359422,NA
0.5,3,OnlineFPCA-adagrad,0.1,14000,100,face,3,5,0.141363382339478,0.16270085350089805,0.16890293528206107,0.1378096007149624,0.01528863435556866,0.09161542924562868,0.14218555691386592,NA
0.5,3,OnlineFPCA-adagrad,0.1,14100,100,face,3,5,0.133931636810303,0.09134464800045042,0.17872567403827033,0.10898913991868621,0.015482914826208158,0.09113510803714123,0.1409512867048146,NA
0.5,3,OnlineFPCA-adagrad,0.1,14200,100,face,3,5,0.136627912521362,0.08612754877239168,0.18022417766196663,0.1513176162035084,0.015585428814974567,0.0908914597485448,0.13974392171328484,NA
0.5,3,OnlineFPCA-adagrad,0.1,14300,100,face,3,5,0.143044948577881,0.09267664106037386,0.13290953650048165,0.09890741776735701,0.015681447617458957,0.09050259431760885,0.13888707795592883,NA
0.5,3,OnlineFPCA-adagrad,0.1,14400,100,face,3,5,0.138474702835083,0.10416871331752403,0.14625040064447173,0.12355358876812329,0.015828391317090584,0.09024140430677031,0.13837219926953354,NA
0.5,3,OnlineFPCA-adagrad,0.1,14500,100,face,3,5,0.138063907623291,0.12924712852254852,0.14737949524927554,0.18605819040677454,0.015794890464234646,0.0900814959107761,0.137873401255748,NA
0.5,3,OnlineFPCA-adagrad,0.1,14600,100,face,3,5,0.146386861801147,0.08729934852799198,0.16411994966312168,0.13427320690164826,0.015943440382641484,0.0897902857603796,0.13713696622864763,NA
0.5,3,OnlineFPCA-adagrad,0.1,14700,100,face,3,5,0.134084463119507,0.10670746121232358,0.15162202029588315,0.11479923767814565,0.016032672407994556,0.0890842826556172,0.13668359360418406,NA
0.5,3,OnlineFPCA-adagrad,0.1,14800,100,face,3,5,0.142326354980469,0.13710003615787134,0.23491329902047972,0.13196204622321375,0.016359214943562565,0.08830161185841051,0.13595531574093614,NA
0.5,3,OnlineFPCA-adagrad,0.1,14900,100,face,3,5,0.139613389968872,0.08054386332399428,0.1716043679484401,0.166487854237949,0.01635248382778505,0.08768819559765285,0.13529377128267467,NA
0.5,3,OnlineFPCA-adagrad,0.1,15000,100,face,3,5,0.139838695526123,0.04833378112672926,0.11556546293875958,0.12492831724939607,0.015997110919096474,0.08742606912105635,0.13478573909485822,NA
0.5,3,OnlineCov,NA,100,NA,NA,3,NA,4.0467848777771,0.4104136652843215,0.5249964559570589,0.916104897165341,0.4104136652843215,0.5249964559570589,0.916104897165341,NA
0.5,3,OnlineCov,NA,200,NA,NA,3,NA,4.62456059455872,0.12271396919405034,0.43901295044829464,1.10832784136895,0.12271396919405034,0.43901295044829464,1.10832784136895,NA
0.5,3,OnlineCov,NA,300,NA,NA,3,NA,3.88920903205872,0.07310016301334833,0.4298352299565086,0.8438672192235004,0.07310016301334833,0.4298352299565086,0.8438672192235004,NA
0.5,3,OnlineCov,NA,400,NA,NA,3,NA,4.40516066551208,0.03660414115502262,0.2822252993381574,0.5107084934377226,0.03660414115502262,0.2822252993381574,0.5107084934377226,NA
0.5,3,OnlineCov,NA,500,NA,NA,3,NA,4.56578421592712,0.04051716047842416,0.2626029507260969,1.1142457467124853,0.04051716047842416,0.2626029507260969,1.1142457467124853,NA
0.5,3,OnlineCov,NA,600,NA,NA,3,NA,3.94403338432312,0.06733961693020732,0.19892026527270532,0.4876746124597983,0.06733961693020732,0.19892026527270532,0.4876746124597983,NA
0.5,3,OnlineCov,NA,700,NA,NA,3,NA,4.52947163581848,0.057543555440259186,0.20509429771839074,0.7395966802866124,0.057543555440259186,0.20509429771839074,0.7395966802866124,NA
0.5,3,OnlineCov,NA,800,NA,NA,3,NA,4.28624367713928,0.07376916825008777,0.18406257291998906,0.5211594097176361,0.07376916825008777,0.18406257291998906,0.5211594097176361,NA
0.5,3,OnlineCov,NA,900,NA,NA,3,NA,4.72038078308105,0.06066667019463548,0.1975108696243499,0.2470368042815375,0.06066667019463548,0.1975108696243499,0.2470368042815375,NA
0.5,3,OnlineCov,NA,1000,NA,NA,3,NA,4.12364172935486,0.051311212615294595,0.15519700500206152,0.16306263560629589,0.051311212615294595,0.15519700500206152,0.16306263560629589,NA
0.5,3,OnlineCov,NA,1100,NA,NA,3,NA,4.28113842010498,0.03428866561379222,0.1059616258990341,0.2122602424336599,0.03428866561379222,0.1059616258990341,0.2122602424336599,NA
0.5,3,OnlineCov,NA,1200,NA,NA,3,NA,3.8501992225647,0.045374666684450005,0.10426883000346074,0.26152656090841525,0.045374666684450005,0.10426883000346074,0.26152656090841525,NA
0.5,3,OnlineCov,NA,1300,NA,NA,3,NA,4.44331741333008,0.034030520905033786,0.06587832586989915,0.25330533898291774,0.034030520905033786,0.06587832586989915,0.25330533898291774,NA
0.5,3,OnlineCov,NA,1400,NA,NA,3,NA,4.65452075004578,0.04750820933527541,0.07905883341878482,0.2178843331887668,0.04750820933527541,0.07905883341878482,0.2178843331887668,NA
0.5,3,OnlineCov,NA,1500,NA,NA,3,NA,3.88419890403748,0.0409906125684949,0.041329097764812486,0.24756103322402775,0.0409906125684949,0.041329097764812486,0.24756103322402775,NA
0.5,3,OnlineCov,NA,1600,NA,NA,3,NA,4.07945561408997,0.04571978592784716,0.07307530034053297,0.2701832908562129,0.04571978592784716,0.07307530034053297,0.2701832908562129,NA
0.5,3,OnlineCov,NA,1700,NA,NA,3,NA,4.14713668823242,0.04226033719944364,0.09416544737820612,0.23821051507027846,0.04226033719944364,0.09416544737820612,0.23821051507027846,NA
0.5,3,OnlineCov,NA,1800,NA,NA,3,NA,4.1597158908844,0.030559747486424933,0.09810693902651003,0.20341911995400094,0.030559747486424933,0.09810693902651003,0.20341911995400094,NA
0.5,3,OnlineCov,NA,1900,NA,NA,3,NA,3.98910450935364,0.03055742647140809,0.07513717470526277,0.20190307700653257,0.03055742647140809,0.07513717470526277,0.20190307700653257,NA
0.5,3,OnlineCov,NA,2000,NA,NA,3,NA,4.92267870903015,0.03554317199031612,0.09986122052001392,0.1711888985167361,0.03554317199031612,0.09986122052001392,0.1711888985167361,NA
0.5,3,OnlineCov,NA,2100,NA,NA,3,NA,4.37210607528687,0.03425944065211164,0.10928703113155916,0.1495724939312078,0.03425944065211164,0.10928703113155916,0.1495724939312078,NA
0.5,3,OnlineCov,NA,2200,NA,NA,3,NA,3.95214867591858,0.032386180768639576,0.0927519096923261,0.15632262497035185,0.032386180768639576,0.0927519096923261,0.15632262497035185,NA
0.5,3,OnlineCov,NA,2300,NA,NA,3,NA,3.90790700912476,0.021953654163334578,0.08822621849613631,0.17114918137519144,0.021953654163334578,0.08822621849613631,0.17114918137519144,NA
0.5,3,OnlineCov,NA,2400,NA,NA,3,NA,3.87623357772827,0.023394695710852266,0.09250533992491335,0.16200960786931065,0.023394695710852266,0.09250533992491335,0.16200960786931065,NA
0.5,3,OnlineCov,NA,2500,NA,NA,3,NA,4.59193682670593,0.015433225387567919,0.08026126762082626,0.16831800217278603,0.015433225387567919,0.08026126762082626,0.16831800217278603,NA
0.5,3,OnlineCov,NA,2600,NA,NA,3,NA,4.38575005531311,0.014055752690108798,0.0740606066393023,0.234441035457322,0.014055752690108798,0.0740606066393023,0.234441035457322,NA
0.5,3,OnlineCov,NA,2700,NA,NA,3,NA,4.21611309051514,0.013102225157006951,0.07447151947240786,0.2151268031994276,0.013102225157006951,0.07447151947240786,0.2151268031994276,NA
0.5,3,OnlineCov,NA,2800,NA,NA,3,NA,4.27374625205994,0.014902678435468213,0.07003482595170692,0.2051104386451511,0.014902678435468213,0.07003482595170692,0.2051104386451511,NA
0.5,3,OnlineCov,NA,2900,NA,NA,3,NA,4.19819068908691,0.013710123422045285,0.06571059980444467,0.1536359815566347,0.013710123422045285,0.06571059980444467,0.1536359815566347,NA
0.5,3,OnlineCov,NA,3000,NA,NA,3,NA,3.95790410041809,0.020887508554795604,0.060146989733580965,0.12895907925559005,0.020887508554795604,0.060146989733580965,0.12895907925559005,NA
0.5,3,OnlineCov,NA,3100,NA,NA,3,NA,3.76288175582886,0.031795951882047195,0.07059645701447305,0.10818340465656087,0.031795951882047195,0.07059645701447305,0.10818340465656087,NA
0.5,3,OnlineCov,NA,3200,NA,NA,3,NA,4.56940269470215,0.03449267839551389,0.07660642259985714,0.09807535266825576,0.03449267839551389,0.07660642259985714,0.09807535266825576,NA
0.5,3,OnlineCov,NA,3300,NA,NA,3,NA,4.01311326026917,0.03623626956354416,0.06752795219342346,0.09967694431242007,0.03623626956354416,0.06752795219342346,0.09967694431242007,NA
0.5,3,OnlineCov,NA,3400,NA,NA,3,NA,4.43374371528625,0.036865243438076054,0.08016283733584792,0.10583775556266943,0.036865243438076054,0.08016283733584792,0.10583775556266943,NA
0.5,3,OnlineCov,NA,3500,NA,NA,3,NA,4.56720519065857,0.03421436573909255,0.07088352409496966,0.09661672997403326,0.03421436573909255,0.07088352409496966,0.09661672997403326,NA
0.5,3,OnlineCov,NA,3600,NA,NA,3,NA,4.26617026329041,0.03302264705074585,0.055946248575595166,0.12161748995184983,0.03302264705074585,0.055946248575595166,0.12161748995184983,NA
0.5,3,OnlineCov,NA,3700,NA,NA,3,NA,3.95350575447083,0.03214380395202117,0.057733919700023555,0.0945088446105499,0.03214380395202117,0.057733919700023555,0.0945088446105499,NA
0.5,3,OnlineCov,NA,3800,NA,NA,3,NA,4.51412796974182,0.031614410885016576,0.05427813603770537,0.09676793821954825,0.031614410885016576,0.05427813603770537,0.09676793821954825,NA
0.5,3,OnlineCov,NA,3900,NA,NA,3,NA,4.32759165763855,0.02972546774862528,0.05245965407752623,0.11422376261366292,0.02972546774862528,0.05245965407752623,0.11422376261366292,NA
0.5,3,OnlineCov,NA,4000,NA,NA,3,NA,4.09628939628601,0.030669187387791806,0.058486774207579535,0.11533970556534576,0.030669187387791806,0.058486774207579535,0.11533970556534576,NA
0.5,3,OnlineCov,NA,4100,NA,NA,3,NA,3.96276378631592,0.035039143901155444,0.06689316832839355,0.1153035766348643,0.035039143901155444,0.06689316832839355,0.1153035766348643,NA
0.5,3,OnlineCov,NA,4200,NA,NA,3,NA,4.35492277145386,0.03317890669030049,0.059029812376261696,0.14833601913498376,0.03317890669030049,0.059029812376261696,0.14833601913498376,NA
0.5,3,OnlineCov,NA,4300,NA,NA,3,NA,4.13238000869751,0.033989605985274673,0.05829580927167941,0.13548042198149005,0.033989605985274673,0.05829580927167941,0.13548042198149005,NA
0.5,3,OnlineCov,NA,4400,NA,NA,3,NA,4.11668467521667,0.03309346454594761,0.05981518846493464,0.11879856257350155,0.03309346454594761,0.05981518846493464,0.11879856257350155,NA
0.5,3,OnlineCov,NA,4500,NA,NA,3,NA,4.07387447357178,0.032341457673064844,0.05647054808674797,0.1313398607324006,0.032341457673064844,0.05647054808674797,0.1313398607324006,NA
0.5,3,OnlineCov,NA,4600,NA,NA,3,NA,4.03603410720825,0.03212984829692458,0.06559139159667005,0.11629423429946581,0.03212984829692458,0.06559139159667005,0.11629423429946581,NA
0.5,3,OnlineCov,NA,4700,NA,NA,3,NA,4.27615928649902,0.029974243387488345,0.06701788682395751,0.15183818588663514,0.029974243387488345,0.06701788682395751,0.15183818588663514,NA
0.5,3,OnlineCov,NA,4800,NA,NA,3,NA,4.32035422325134,0.032456990615134976,0.06333060665926028,0.1713903555044949,0.032456990615134976,0.06333060665926028,0.1713903555044949,NA
0.5,3,OnlineCov,NA,4900,NA,NA,3,NA,4.47833323478699,0.030635990521240466,0.06471996797252681,0.15067255595852927,0.030635990521240466,0.06471996797252681,0.15067255595852927,NA
0.5,3,OnlineCov,NA,5000,NA,NA,3,NA,3.82196450233459,0.026658619488610005,0.06775699757416326,0.19160790861092614,0.026658619488610005,0.06775699757416326,0.19160790861092614,NA
0.5,3,Batch-PACE,NA,5000,NA,NA,3,5000,7.50527787208557,0.0238987606291542,0.06979849786354922,0.1934398893721472,0.0238987606291542,0.06979849786354922,0.1934398893721472,NA
0.5,3,Batch-FACE,NA,5000,NA,NA,3,5000,65.6530668735504,0.022689604819999317,0.060057994091757855,0.15477837766140395,0.022689604819999317,0.060057994091757855,0.15477837766140395,NA
0.5,3,Batch-REML,NA,5000,NA,NA,3,5000,185.173281908035,0.01584656248985404,0.03191096915127983,0.0758687243935177,0.01584656248985404,0.03191096915127983,0.0758687243935177,NA
0.5,3,Batch-SOAP,NA,5000,NA,NA,3,5000,167.076914787292,0.04001306529271713,0.06045931489540875,0.0851092167058802,0.04001306529271713,0.06045931489540875,0.0851092167058802,NA
1,3,OnlineFPCA-sgd,0.1,0,100,face,3,5,0.949244737625122,0.4936336022610961,0.49720912255862687,0.47051740102437145,0.4936336022610961,0.49720912255862687,0.47051740102437145,1.0000000000000016e-5
1,3,OnlineFPCA-sgd,0.1,100,100,face,3,5,0.461084365844727,0.6865279318239299,0.967777561632111,1.0327355609384326,NA,NA,NA,5.6234132519035e-7
1,3,OnlineFPCA-sgd,0.1,200,100,face,3,5,0.461353063583374,0.6763877580380528,1.0607145811588234,0.6995583715692102,NA,NA,NA,5.6234132519035e-7
1,3,OnlineFPCA-sgd,0.1,300,100,face,3,5,0.449087381362915,0.7797315250479482,0.7152944613712461,0.693089269494603,NA,NA,NA,1.4813960388198332e-7
1,3,OnlineFPCA-sgd,0.1,400,100,face,3,5,0.443689346313477,0.2994094299726888,0.678852430771123,1.074467048475077,NA,NA,NA,1.4813960388198332e-7
1,3,OnlineFPCA-sgd,0.1,500,100,face,3,5,0.446211099624634,0.43244003616465915,1.4158779226053173,0.9369866947121686,NA,NA,NA,3.765609909742254e-7
1,3,OnlineFPCA-sgd,0.1,600,100,face,3,5,0.431379556655884,0.40386808445795014,1.4101836721404577,0.9315278104820728,NA,NA,NA,8.55961140868773e-7
1,3,OnlineFPCA-sgd,0.1,700,100,face,3,5,0.444761037826538,0.39180658284123643,1.4104061754272947,0.9321751780795715,NA,NA,NA,1.788937276500713e-6
1,3,OnlineFPCA-sgd,0.1,800,100,face,3,5,0.447231292724609,0.3785057811237047,1.4088793449082389,0.9296872113878926,NA,NA,NA,3.5008050234890126e-6
1,3,OnlineFPCA-sgd,0.1,900,100,face,3,5,0.445867538452148,0.35525506883428015,1.4077826996032863,0.9266902892921659,NA,NA,NA,6.496290385973654e-6
1,3,OnlineFPCA-sgd,0.1,1000,100,face,3,5,0.451395511627197,0.3364236754899572,1.4048818431692018,0.9214228579792055,NA,NA,NA,1.1536477386566698e-5
1,3,OnlineFPCA-sgd,0.1,1100,100,face,3,5,0.63920521736145,0.10864774856014504,1.178746581081917,0.62576232206794,0.13295737666410948,1.2685247465245157,0.719842483100602,1.9741683055865958e-5
1,3,OnlineFPCA-sgd,0.1,1200,100,face,3,5,0.622769355773926,0.16343214186903593,1.085327613822302,0.6359187484484342,0.11851059731152695,1.1784995390979207,0.6483586028299904,1.9741683055865958e-5
1,3,OnlineFPCA-sgd,0.1,1300,100,face,3,5,0.630376100540161,0.16850766773595302,0.9299674250823017,0.6244032622342972,0.13561491216566832,1.1090300671368596,0.6296970721044852,1.9741683055865958e-5
1,3,OnlineFPCA-sgd,0.1,1400,100,face,3,5,0.616393089294434,0.129559719089309,0.8999371103319979,0.5519852503166901,0.12449832551133572,1.067429430461563,0.6157486024302702,3.107807546220643e-5
1,3,OnlineFPCA-sgd,0.1,1500,100,face,3,5,0.799355268478394,0.20817610822646582,0.779514254082222,0.5518935559206617,0.08167986664565906,1.0151835449747955,0.603615705352743,3.107807546220643e-5
1,3,OnlineFPCA-sgd,0.1,1600,100,face,3,5,0.600617408752441,0.28599582644626814,0.6023535373169455,0.4875499585481038,0.06740715632910882,0.9291846662470498,0.5790528363185232,3.107807546220643e-5
1,3,OnlineFPCA-sgd,0.1,1700,100,face,3,5,0.606121301651001,0.19008641939236642,0.5741130174172654,0.4706706419537083,0.047002602820471154,0.8775132942289499,0.5607098516514313,1.4073456931599812e-5
1,3,OnlineFPCA-sgd,0.1,1800,100,face,3,5,0.602258443832397,0.2757921808090353,0.4373559286884813,0.43446236527755794,0.035080497104245684,0.8197318235727407,0.5413552999566423,1.4073456931599812e-5
1,3,OnlineFPCA-sgd,0.1,1900,100,face,3,5,0.604308605194092,0.16505169077061851,0.3485283998704703,0.4654656206999142,0.03635288604829803,0.7119013969184285,0.5069378264613951,6.762674557192245e-6
1,3,OnlineFPCA-sgd,0.1,2000,100,face,3,5,0.576735258102417,0.24526042637155396,0.3728667622740874,0.4218859317661858,0.04501700205848117,0.6581095983173008,0.49509472938796223,6.762674557192245e-6
1,3,OnlineFPCA-sgd,0.1,2100,100,face,3,5,0.570809125900269,0.15882559775748514,0.3307222289483159,0.38105226662029407,0.05145973047533066,0.6163694344694413,0.46965164981045815,4.805570265482685e-6
1,3,OnlineFPCA-sgd,0.1,2200,100,face,3,5,0.593876123428345,0.3129183529330608,0.3053654245342216,0.3705405674279413,0.05229329727649652,0.5676821635118648,0.44673920816093654,2.4803070720813148e-6
1,3,OnlineFPCA-sgd,0.1,2300,100,face,3,5,0.589474201202393,0.3989611875984134,0.39771943985651287,0.32824052151646105,0.06675754859892577,0.5208240329638567,0.4242078947328721,1.8000551231358625e-6
1,3,OnlineFPCA-sgd,0.1,2400,100,face,3,5,0.597853660583496,0.405953021390097,0.3009044795701948,0.3306950525174693,0.07441253467463622,0.4841755402588672,0.40635611389534265,1.8000551231358625e-6
1,3,OnlineFPCA-sgd,0.1,2500,100,face,3,5,0.600284814834595,0.4008002028580866,0.29567941761367683,0.37341130310581205,0.07540392325285199,0.46100918965693527,0.39202213718516343,1.3303300907314291e-6
1,3,OnlineFPCA-sgd,0.1,2600,100,face,3,5,0.582923650741577,0.3355808081743656,0.32840356662368886,0.3462278829799969,0.07609094005221721,0.4406597067375319,0.38566940748469714,9.912643348955772e-7
1,3,OnlineFPCA-sgd,0.1,2700,100,face,3,5,0.571537733078003,0.21843504164116045,0.38258026868795,0.37927766552618203,0.08234563311968264,0.42480590491211584,0.3809092265142361,7.443047761257078e-7
1,3,OnlineFPCA-sgd,0.1,2800,100,face,3,5,0.608970642089844,0.2751849122404374,0.3854355960278578,0.3232808843767287,0.08374008161922254,0.4118962568280834,0.38013424601828405,7.443047761257078e-7
1,3,OnlineFPCA-sgd,0.1,2900,100,face,3,5,0.598108053207397,0.20393069908264258,0.2849454022545562,0.33627942645244285,0.07916649365883242,0.4006908000647865,0.36958383148379514,4.3153535641264e-7
1,3,OnlineFPCA-sgd,0.1,3000,100,face,3,5,0.606512069702148,0.15024298930604926,0.2975409017498734,0.33674072125063337,0.07552788576085928,0.38599743443548495,0.3592410365014982,3.306930651248843e-7
1,3,OnlineFPCA-sgd,0.1,3100,100,face,3,5,0.604901075363159,0.317539812646509,0.29610304416837735,0.34549524861741165,0.0756082160835113,0.36898902736670774,0.35330381923116544,3.306930651248843e-7
1,3,OnlineFPCA-sgd,0.1,3200,100,face,3,5,0.587249994277954,0.2549799864706286,0.27212626955925023,0.293223164329138,0.0763668902143947,0.35410379063060315,0.3448975665098367,2.564127715556551e-7
1,3,OnlineFPCA-sgd,0.1,3300,100,face,3,5,0.57280158996582,0.19745984826719948,0.27137251492997627,0.41524918385279164,0.07218681327259503,0.34330221601674565,0.3400048511560449,2.564127715556551e-7
1,3,OnlineFPCA-sgd,0.1,3400,100,face,3,5,0.76153826713562,0.2623655475905981,0.2681048547678038,0.3213163313720482,0.06872979584405295,0.3336874412456663,0.33907709355169713,2.564127715556551e-7
1,3,OnlineFPCA-sgd,0.1,3500,100,face,3,5,0.583882808685303,0.11768662999994446,0.34546740954160393,0.27331572517927394,0.061899854515527826,0.3230523559497657,0.3358738195704204,2.564127715556551e-7
1,3,OnlineFPCA-sgd,0.1,3600,100,face,3,5,0.585462808609009,0.2091389888025716,0.3401411565794664,0.3485355837424041,0.05937413369535318,0.30928192861955295,0.3330715344538556,2.564127715556551e-7
1,3,OnlineFPCA-sgd,0.1,3700,100,face,3,5,0.592657804489136,0.22065403280631496,0.39992680238380446,0.31889838750825616,0.05555466176876463,0.2924452231625141,0.33040514208454014,2.037655961314141e-7
1,3,OnlineFPCA-sgd,0.1,3800,100,face,3,5,0.579018592834473,0.30340187713169675,0.3005305168318339,0.24084044049242076,0.05402381734112152,0.2804294941751486,0.3265831127266018,1.297792086118872e-7
1,3,OnlineFPCA-sgd,0.1,3900,100,face,3,5,0.587350606918335,0.21121130623040912,0.30624311654981734,0.2803422202272188,0.05343951865300821,0.2711623668448915,0.3213271442344087,1.0399378840655338e-7
1,3,OnlineFPCA-sgd,0.1,4000,100,face,3,5,0.610750913619995,0.052905348901970184,0.2642856596944662,0.3172942577691821,0.052905348901970184,0.2642856596944662,0.3172942577691821,1.0399378840655338e-7
1,3,OnlineFPCA-sgd,0.1,4100,100,face,3,5,0.600674152374268,0.17571948246218047,0.3222758798089485,0.30738481597103395,0.17860669405887478,0.2807220340461945,0.28251182997758434,8.396901053231985e-8
1,3,OnlineFPCA-sgd,0.1,4200,100,face,3,5,0.594172239303589,0.14578509985583346,0.3753907673083711,0.40243171631660557,0.16477941207526267,0.32155418138561837,0.3092130520638349,6.804314801742869e-8
1,3,OnlineFPCA-sgd,0.1,4300,100,face,3,5,0.578326225280762,0.25746571869614504,0.36294180055250225,0.377039977204358,0.08888390713988736,0.33202990628739154,0.33335673976495817,6.804314801742869e-8
1,3,OnlineFPCA-sgd,0.1,4400,100,face,3,5,0.588621616363525,0.3482292787349254,0.36584913165789457,0.36617393194458747,0.0773221048755314,0.3311922686238919,0.3377467319435181,5.551061996318438e-8
1,3,OnlineFPCA-sgd,0.1,4500,100,face,3,5,0.577268123626709,0.2052909920538867,0.35062977117855887,0.48780488627803864,0.07814889542663885,0.33407375481318086,0.34797419514718614,5.551061996318438e-8
1,3,OnlineFPCA-sgd,0.1,4600,100,face,3,5,0.600114107131958,0.3008734689095965,0.28012413633117667,0.42792132798194327,0.07928571539019959,0.33027435703267877,0.35696969764155634,4.556971710350121e-8
1,3,OnlineFPCA-sgd,0.1,4700,100,face,3,5,0.601519346237183,0.3047534681923123,0.343727070639581,0.41522229212483025,0.08112243634216101,0.31330348666073304,0.3600580965676428,4.556971710350121e-8
1,3,OnlineFPCA-sgd,0.1,4800,100,face,3,5,0.593993186950684,0.4819411926147853,0.40405277601091644,0.41199675368545496,0.08211430170332547,0.30296794663030674,0.3553728113626618,4.556971710350121e-8
1,3,OnlineFPCA-sgd,0.1,4900,100,face,3,5,0.60794997215271,0.22990914319988248,0.3424721400935019,0.34673727670747007,0.07376413527919437,0.291824544137299,0.3510697339867642,3.7729764237661714e-8
1,3,OnlineFPCA-sgd,0.1,5000,100,face,3,5,0.587793350219727,0.2909784164717677,0.339048262560337,0.322222937852215,0.05863219873676073,0.27793173165509694,0.340638655845581,3.7729764237661714e-8
1,3,OnlineFPCA-sgd,0.1,5100,100,face,3,5,0.131667375564575,0.2039423929092677,0.4879818351578295,0.4443296928364933,0.08001215515666485,0.27103029531051265,0.33779211288489797,NA
1,3,OnlineFPCA-sgd,0.1,5200,100,face,3,5,0.141400814056396,0.22521559171586736,0.3951447863110515,0.41051259964729,0.07913737464462856,0.2694000797216801,0.33797237020348253,NA
1,3,OnlineFPCA-sgd,0.1,5300,100,face,3,5,0.115517377853394,0.45481767824846453,0.29243772286545816,0.4194577800659939,0.07066035844561339,0.2684115426183314,0.33515991325462097,NA
1,3,OnlineFPCA-sgd,0.1,5400,100,face,3,5,0.116653919219971,0.10771053292087156,0.37770175359328523,0.4026504773591607,0.06471346725444739,0.26709675971749786,0.3313829024672936,NA
1,3,OnlineFPCA-sgd,0.1,5500,100,face,3,5,0.122062921524048,0.1896641472842087,0.45966705835711524,0.43968304502871075,0.059417914060625826,0.27039720630411307,0.32789008197431696,NA
1,3,OnlineFPCA-sgd,0.1,5600,100,face,3,5,0.1157386302948,0.16862883594615086,0.5250932364001568,0.34616848443512194,0.057206372055676226,0.27982850914878576,0.3253898585899084,NA
1,3,OnlineFPCA-sgd,0.1,5700,100,face,3,5,0.135380983352661,0.33131982915791913,0.5370037617722367,0.46182252172334004,0.05778721029902333,0.29127992003568576,0.32524743918097404,NA
1,3,OnlineFPCA-sgd,0.1,5800,100,face,3,5,0.133414745330811,0.526272758455243,0.4840879226500243,0.43960753478559156,0.05182313592023067,0.30009062932134783,0.32723688305649135,NA
1,3,OnlineFPCA-sgd,0.1,5900,100,face,3,5,0.115753650665283,0.26780352288125947,0.45471405750619026,0.4571426117586197,0.051090726336418896,0.30619071782368457,0.3266058992518254,NA
1,3,OnlineFPCA-sgd,0.1,6000,100,face,3,5,0.116359710693359,0.179943221483306,0.28401077458085044,0.41049064566655963,0.057847351564779555,0.3059042763886845,0.32664352971589117,NA
1,3,OnlineFPCA-sgd,0.1,6100,100,face,3,5,0.115628004074097,0.21313792075803448,0.24255458270167754,0.33458881681864666,0.05761622363271409,0.2992769696760913,0.3254305785483414,NA
1,3,OnlineFPCA-sgd,0.1,6200,100,face,3,5,0.118051528930664,0.6676266744702829,0.2396181198356226,0.3471116577331082,0.05408319548728421,0.29234218281484,0.32413124596921405,NA
1,3,OnlineFPCA-sgd,0.1,6300,100,face,3,5,0.14030385017395,0.21306854466577976,0.17611427544862962,0.2976974511482081,0.0453776133287584,0.2840610946772961,0.32213015639574855,NA
1,3,OnlineFPCA-sgd,0.1,6400,100,face,3,5,0.121853590011597,0.2175468895717689,0.17716903870480621,0.36252380059279815,0.04328025741406377,0.2751654885499009,0.31986350244950956,NA
1,3,OnlineFPCA-sgd,0.1,6500,100,face,3,5,0.117911338806152,0.4585618892477464,0.30134481570184624,0.36321194502414755,0.04553768194482468,0.2658500391425149,0.31969954212315677,NA
1,3,OnlineFPCA-sgd,0.1,6600,100,face,3,5,0.118217468261719,0.3791616594984151,0.347624343673875,0.3271434973091177,0.0481665965775876,0.26011982250833665,0.3199864045968359,NA
1,3,OnlineFPCA-sgd,0.1,6700,100,face,3,5,0.117144107818604,0.15078446177195057,0.2797176089028626,0.3391394789430349,0.04588913886907458,0.25440267137010936,0.31883966323396495,NA
1,3,OnlineFPCA-sgd,0.1,6800,100,face,3,5,0.120750427246094,0.30938041609085876,0.2575189366577296,0.38473442021218196,0.039088715652625367,0.24728183408616575,0.32009559939798393,NA
1,3,OnlineFPCA-sgd,0.1,6900,100,face,3,5,0.143816232681274,0.17592097389121258,0.2691294673767079,0.4500715527435717,0.03435202447884892,0.2393919405835756,0.32123638825799666,NA
1,3,OnlineFPCA-sgd,0.1,7000,100,face,3,5,0.12280535697937,0.23662829172234737,0.1662789687316316,0.320159034535102,0.029979222980600014,0.2351365755422318,0.3216082302523405,NA
1,3,OnlineFPCA-sgd,0.1,7100,100,face,3,5,0.119056224822998,0.1801500022571639,0.16136967443665545,0.26244274322047545,0.027224346437939435,0.23193500098260114,0.3179608507810181,NA
1,3,OnlineFPCA-sgd,0.1,7200,100,face,3,5,0.120526313781738,0.25024113745294974,0.1339637243315502,0.22717569300596574,0.02907392759819229,0.22814439467842185,0.31236604848561783,NA
1,3,OnlineFPCA-sgd,0.1,7300,100,face,3,5,0.121432542800903,0.3310911570292611,0.340231258717549,0.2353301520426031,0.030911309417661504,0.22459023728442692,0.30450659439716055,NA
1,3,OnlineFPCA-sgd,0.1,7400,100,face,3,5,0.119226694107056,0.37534323374400747,0.26318269181433,0.20017640219279864,0.03253905560307904,0.2220415106846498,0.2960499641454204,NA
1,3,OnlineFPCA-sgd,0.1,7500,100,face,3,5,0.137324094772339,0.30665450186581955,0.24283679947994824,0.2422602005823256,0.030712245943738413,0.21969243020227408,0.28845939773377355,NA
1,3,OnlineFPCA-sgd,0.1,7600,100,face,3,5,0.131632089614868,0.24264776134470828,0.24672660656537093,0.2073506433721662,0.027896338389185368,0.21690028870179676,0.2828884915484876,NA
1,3,OnlineFPCA-sgd,0.1,7700,100,face,3,5,0.118010759353638,0.1899437182066346,0.3051168508313504,0.23745033324195722,0.028549862562897054,0.21468460601201717,0.2773840431271815,NA
1,3,OnlineFPCA-sgd,0.1,7800,100,face,3,5,0.118026971817017,0.20947981815481842,0.3058173046885113,0.21809594026946635,0.029767460636354097,0.21272698592277708,0.2733737183964971,NA
1,3,OnlineFPCA-sgd,0.1,7900,100,face,3,5,0.116680860519409,0.20534225384858443,0.1367008732547141,0.19577980478066173,0.03111418386526636,0.21061784294355262,0.26814246666742675,NA
1,3,OnlineFPCA-sgd,0.1,8000,100,face,3,5,0.121186494827271,0.114449841201055,0.12729425228353078,0.2133050560699274,0.030192309431600218,0.20585951201613176,0.26411259932265935,NA
1,3,OnlineFPCA-sgd,0.1,8100,100,face,3,5,0.14251971244812,0.25279633454402944,0.163216644287445,0.24032622318489222,0.030474530364419255,0.200275911687967,0.2603641543703723,NA
1,3,OnlineFPCA-sgd,0.1,8200,100,face,3,5,0.124102115631104,0.2664367548037257,0.1455010681395181,0.2149783427775147,0.03536792218936443,0.1953175079728893,0.25685616481510976,NA
1,3,OnlineFPCA-sgd,0.1,8300,100,face,3,5,0.117805480957031,0.17767547371751397,0.10783403231811468,0.3232536299808739,0.03552836988113893,0.19161714338186311,0.2535938050683808,NA
1,3,OnlineFPCA-sgd,0.1,8400,100,face,3,5,0.116665840148926,0.2346030767094223,0.1475984218220802,0.2691990586613559,0.03660783226892393,0.18792995079270483,0.2516714303108692,NA
1,3,OnlineFPCA-sgd,0.1,8500,100,face,3,5,0.117675304412842,0.06320984170620114,0.24228577104494103,0.2650843042488332,0.03439576144317777,0.1843350975835068,0.24893136237233515,NA
1,3,OnlineFPCA-sgd,0.1,8600,100,face,3,5,0.120140314102173,0.19219285858596244,0.23494193193627047,0.31955516338270434,0.03469867941122859,0.17937222646305556,0.24777522523338893,NA
1,3,OnlineFPCA-sgd,0.1,8700,100,face,3,5,0.145532369613647,0.21689647988260896,0.2804917548473725,0.2759123930574462,0.03258100099873674,0.1734030236184391,0.2466706995424441,NA
1,3,OnlineFPCA-sgd,0.1,8800,100,face,3,5,0.12599515914917,0.20686372724904117,0.21670788155326529,0.18867604817289022,0.031836435720965166,0.16833439662063135,0.24531397370192887,NA
1,3,OnlineFPCA-sgd,0.1,8900,100,face,3,5,0.117358207702637,0.1914634858159704,0.2249901155181813,0.22295065370808706,0.031142002759863674,0.1640704815811254,0.24367363582375923,NA
1,3,OnlineFPCA-sgd,0.1,9000,100,face,3,5,0.115961790084839,0.28483381930172263,0.21013899588929372,0.1813296750955888,0.030212023646489186,0.16088134763736409,0.24141586437748985,NA
1,3,OnlineFPCA-sgd,0.1,9100,100,face,3,5,0.118168592453003,0.18023613839586283,0.14065748984936452,0.14740044029037833,0.03175718138090631,0.15871155535147574,0.23828930252968264,NA
1,3,OnlineFPCA-sgd,0.1,9200,100,face,3,5,0.119357347488403,0.12277392934016103,0.17495476919173344,0.22356288582522682,0.03074773737653285,0.15675603597002857,0.23624541471077307,NA
1,3,OnlineFPCA-sgd,0.1,9300,100,face,3,5,0.139055252075195,0.21136717419911846,0.18615284550885655,0.20544183683628292,0.03079556771102826,0.15408766576230348,0.2349042799550969,NA
1,3,OnlineFPCA-sgd,0.1,9400,100,face,3,5,0.119117021560669,0.2746962407959944,0.2102257337608034,0.2374346033367608,0.031455228980248245,0.1525026641295828,0.23371990859344466,NA
1,3,OnlineFPCA-sgd,0.1,9500,100,face,3,5,0.115719318389893,0.19745269156167466,0.21776277288588528,0.33487953700010636,0.03146084125834431,0.15163253275362665,0.23280707996542688,NA
1,3,OnlineFPCA-sgd,0.1,9600,100,face,3,5,0.116895198822021,0.2489777773536673,0.1643803890608952,0.281458453860108,0.030957865174980094,0.15033071562417702,0.23285121718279606,NA
1,3,OnlineFPCA-sgd,0.1,9700,100,face,3,5,0.117240428924561,0.26127693372942107,0.23173079227771123,0.25261373453902175,0.03170045365702117,0.14797975435462662,0.23274985411358737,NA
1,3,OnlineFPCA-sgd,0.1,9800,100,face,3,5,0.122561931610107,0.3835432929204057,0.2766039189622377,0.23636872113482998,0.03267200125547491,0.1457104803466497,0.232018704960741,NA
1,3,OnlineFPCA-sgd,0.1,9900,100,face,3,5,0.138211488723755,0.16770732805569996,0.19250504649790184,0.22899891275843212,0.031723729709243746,0.1434245603477896,0.23136784376570171,NA
1,3,OnlineFPCA-sgd,0.1,10000,100,face,3,5,0.115519046783447,0.23852331853086273,0.1767806905295828,0.2032355985236674,0.03040582389730562,0.1416376895585326,0.2301940844260447,NA
1,3,OnlineFPCA-sgd,0.1,10100,100,face,3,5,0.11494517326355,0.21615086129740538,0.31112828678747195,0.27416020126252355,0.029156055915677583,0.14026915160410008,0.22953069909759657,NA
1,3,OnlineFPCA-sgd,0.1,10200,100,face,3,5,0.116161108016968,0.20421100221786412,0.22544242398982967,0.2300327604685479,0.028742525761585088,0.13896152614956464,0.2290926546952164,NA
1,3,OnlineFPCA-sgd,0.1,10300,100,face,3,5,0.116436719894409,0.28970337775168525,0.14331315529889738,0.24786676006185202,0.028432383640218807,0.13756520389945975,0.22827554856748328,NA
1,3,OnlineFPCA-sgd,0.1,10400,100,face,3,5,0.131978988647461,0.11535960788330074,0.24612338605388454,0.18899861636667092,0.025816327596812363,0.136794149989273,0.22714269225378242,NA
1,3,OnlineFPCA-sgd,0.1,10500,100,face,3,5,0.128431081771851,0.150564616786956,0.327543085085668,0.24060315368488508,0.024545750159743408,0.13713096918535286,0.2259332127415329,NA
1,3,OnlineFPCA-sgd,0.1,10600,100,face,3,5,0.119220972061157,0.1442324672692341,0.3939212907486291,0.1930493265740969,0.023579593392251665,0.13864190432293547,0.2248730846594736,NA
1,3,OnlineFPCA-sgd,0.1,10700,100,face,3,5,0.118096113204956,0.2816178281129861,0.41165390279473557,0.26952239537213535,0.023549879505661935,0.14127102368457065,0.2240775508948899,NA
1,3,OnlineFPCA-sgd,0.1,10800,100,face,3,5,0.118604898452759,0.4792504645227926,0.3959588595409996,0.2792346206066404,0.02569417523710176,0.14367797233314641,0.2236343555240341,NA
1,3,OnlineFPCA-sgd,0.1,10900,100,face,3,5,0.119004487991333,0.23179390535160024,0.36498548058949726,0.3205907694637753,0.027536178378953387,0.14573244239432573,0.22278152789306435,NA
1,3,OnlineFPCA-sgd,0.1,11000,100,face,3,5,0.135941982269287,0.15214961152552342,0.21298098680326635,0.2939118159454269,0.029301594285210585,0.14595454364327035,0.22209237276246166,NA
1,3,OnlineFPCA-sgd,0.1,11100,100,face,3,5,0.132140398025513,0.17288790273778076,0.14225635511584875,0.23533097003354764,0.029500298623557766,0.14451287935850865,0.221359465856582,NA
1,3,OnlineFPCA-sgd,0.1,11200,100,face,3,5,0.117474794387817,0.5080332420900544,0.1602782030821375,0.2511494964616197,0.027976262684518374,0.14283328322422872,0.22050945673681616,NA
1,3,OnlineFPCA-sgd,0.1,11300,100,face,3,5,0.118681669235229,0.17328235841710105,0.12148908498491634,0.22720407810050852,0.02788959995332962,0.14034017842425955,0.21976295938906207,NA
1,3,OnlineFPCA-sgd,0.1,11400,100,face,3,5,0.120145082473755,0.16028319322456724,0.10871310454334726,0.28135870407777797,0.02779699291021167,0.13778242044123448,0.21895647131041326,NA
1,3,OnlineFPCA-sgd,0.1,11500,100,face,3,5,0.121994256973267,0.40830280364229377,0.20820811117539798,0.27117942861974986,0.02977538942054992,0.13528661753425625,0.2184352856946956,NA
1,3,OnlineFPCA-sgd,0.1,11600,100,face,3,5,0.143646717071533,0.31141245470962126,0.262567761754178,0.23400949607570615,0.031115840452114636,0.13356552856306825,0.2180750668164977,NA
1,3,OnlineFPCA-sgd,0.1,11700,100,face,3,5,0.13383674621582,0.11820827428610652,0.20565160361761345,0.25235348686845416,0.031372152613097136,0.1314644104203709,0.21744847613132198,NA
1,3,OnlineFPCA-sgd,0.1,11800,100,face,3,5,0.115409135818481,0.25811864675115725,0.1939019363145193,0.2816830152928892,0.03025397458335192,0.12869201835967978,0.21752517600829285,NA
1,3,OnlineFPCA-sgd,0.1,11900,100,face,3,5,0.118105411529541,0.14626867783463732,0.16848173728301083,0.3484125296087138,0.029376958410999094,0.12568799803116643,0.21797740739718258,NA
1,3,OnlineFPCA-sgd,0.1,12000,100,face,3,5,0.116308689117432,0.21000399440714243,0.10360839807150245,0.2612846107562136,0.028757280650347033,0.12390407460658208,0.2185104603992104,NA
1,3,OnlineFPCA-sgd,0.1,12100,100,face,3,5,0.120214700698853,0.15997766399234498,0.09277231344566031,0.2262640555782163,0.027888301501075945,0.12243935223953287,0.21785626049039386,NA
1,3,OnlineFPCA-sgd,0.1,12200,100,face,3,5,0.150205135345459,0.21119202084627597,0.10398647069423826,0.20770758585403076,0.028228753269181454,0.12116997868092186,0.21679149979887166,NA
1,3,OnlineFPCA-sgd,0.1,12300,100,face,3,5,0.131842136383057,0.2939084262453157,0.28915484070406555,0.23451164819292877,0.028780466376631408,0.12037155666236718,0.21496294694063353,NA
1,3,OnlineFPCA-sgd,0.1,12400,100,face,3,5,0.115531444549561,0.32033592409303807,0.24039117373279675,0.21156008883361896,0.02867998529568379,0.12000805223354387,0.21282502718412694,NA
1,3,OnlineFPCA-sgd,0.1,12500,100,face,3,5,0.118511438369751,0.2625360680402337,0.22736118107216258,0.24450523534399102,0.027643345947931847,0.11947352068335315,0.21087047577236565,NA
1,3,OnlineFPCA-sgd,0.1,12600,100,face,3,5,0.116636991500854,0.20435563893542863,0.23249866967358213,0.2068361728298954,0.026001875218941907,0.11891038454106083,0.20941646090702443,NA
1,3,OnlineFPCA-sgd,0.1,12700,100,face,3,5,0.121387004852295,0.17116887104384704,0.27545635917171785,0.22347183684130123,0.026009822105813443,0.11874773486686896,0.20785430163266047,NA
1,3,OnlineFPCA-sgd,0.1,12800,100,face,3,5,0.151776790618896,0.17237605120893648,0.2724068839529823,0.2135666872576816,0.02652203785295711,0.11867213678882589,0.20684296631014354,NA
1,3,OnlineFPCA-sgd,0.1,12900,100,face,3,5,0.123730421066284,0.19187329645326218,0.12864067263353268,0.18849897444057961,0.02747188820144155,0.11841247850856335,0.20538144458429694,NA
1,3,OnlineFPCA-sgd,0.1,13000,100,face,3,5,0.117114305496216,0.09757701265172011,0.11292495621067328,0.19531878441011793,0.02714243840397467,0.11684747356212383,0.20417921817901663,NA
1,3,OnlineFPCA-sgd,0.1,13100,100,face,3,5,0.117878198623657,0.20970587427136334,0.1455110156937592,0.22051946865595587,0.02760239901594529,0.11478492435344781,0.20308283137962932,NA
1,3,OnlineFPCA-sgd,0.1,13200,100,face,3,5,0.116677045822144,0.26417543905650487,0.14339003886576843,0.20824866860222574,0.030039027263061627,0.11282555057394464,0.20209270032721924,NA
1,3,OnlineFPCA-sgd,0.1,13300,100,face,3,5,0.119619846343994,0.16955245014200487,0.08826922661566663,0.28329489702738414,0.03077106826559493,0.11136771053177545,0.20114637349287662,NA
1,3,OnlineFPCA-sgd,0.1,13400,100,face,3,5,0.144844532012939,0.21544786572746327,0.14340639677768338,0.25367679546503846,0.03159684016553841,0.10997311595171251,0.20069508943794254,NA
1,3,OnlineFPCA-sgd,0.1,13500,100,face,3,5,0.121135950088501,0.05751401339784266,0.22029294693448584,0.25300938522050787,0.030840576749444695,0.10881247878505565,0.20004667466343132,NA
1,3,OnlineFPCA-sgd,0.1,13600,100,face,3,5,0.115910768508911,0.17856167515781238,0.20586213356745614,0.29226776848629393,0.03108180316639898,0.10693083043525882,0.20004562822311148,NA
1,3,OnlineFPCA-sgd,0.1,13700,100,face,3,5,0.116324424743652,0.20724834699153308,0.23735002662908553,0.24046877341672462,0.030219076544979132,0.10445520743804558,0.1999004145910946,NA
1,3,OnlineFPCA-sgd,0.1,13800,100,face,3,5,0.117093324661255,0.15797747637943746,0.1986832863002279,0.17782150864882648,0.029720842006412576,0.1023289707136029,0.19949654108769405,NA
1,3,OnlineFPCA-sgd,0.1,13900,100,face,3,5,0.119380474090576,0.18497816200074182,0.2047862972611294,0.20000456682147735,0.029677437046118454,0.10054644411976532,0.19894596573039655,NA
1,3,OnlineFPCA-sgd,0.1,14000,100,face,3,5,0.146784067153931,0.2808703517563831,0.18205668915867093,0.17013603306661199,0.029435307275730502,0.09921475477972098,0.19811062561147463,NA
1,3,OnlineFPCA-sgd,0.1,14100,100,face,3,5,0.120271682739258,0.17512740159598525,0.12201440046816846,0.14615219531931342,0.030242197432006495,0.09841465532014239,0.1968967275690633,NA
1,3,OnlineFPCA-sgd,0.1,14200,100,face,3,5,0.11471700668335,0.11320947563197611,0.14652107847765586,0.21310041631588836,0.02985023621636335,0.09763519607453804,0.19618049097486445,NA
1,3,OnlineFPCA-sgd,0.1,14300,100,face,3,5,0.117427110671997,0.18994640297818252,0.16494119742272573,0.1947228781142831,0.029857057047326368,0.09635810215504902,0.19575189128047013,NA
1,3,OnlineFPCA-sgd,0.1,14400,100,face,3,5,0.116814851760864,0.23022103039118444,0.1817668368065882,0.21767573601468418,0.030130797804308284,0.09574832977854786,0.1954060936386497,NA
1,3,OnlineFPCA-sgd,0.1,14500,100,face,3,5,0.126197338104248,0.18179641741766112,0.19612316537959035,0.30077590559745726,0.030070154860101485,0.0955668274722791,0.19515115548748166,NA
1,3,OnlineFPCA-sgd,0.1,14600,100,face,3,5,0.143037080764771,0.2162799630330143,0.1609929666357507,0.24838225438574446,0.029761339878327006,0.09500309405807122,0.19523476862542166,NA
1,3,OnlineFPCA-sgd,0.1,14700,100,face,3,5,0.114700317382812,0.22857100786221018,0.20881022620162834,0.2247160659489964,0.030045313041771965,0.09385226796953385,0.1952990748246696,NA
1,3,OnlineFPCA-sgd,0.1,14800,100,face,3,5,0.117518901824951,0.32873150830419967,0.24050008547861937,0.2085733326289506,0.030510237492595984,0.09266707058380814,0.1950638082417899,NA
1,3,OnlineFPCA-sgd,0.1,14900,100,face,3,5,0.120240926742554,0.13212114265202657,0.18280755534960946,0.21621732793859552,0.03018486183240961,0.0915092776377496,0.194905432080654,NA
1,3,OnlineFPCA-sgd,0.1,15000,100,face,3,5,0.116683483123779,0.2068679460993759,0.15636872888602177,0.21149346068026284,0.02963813391292351,0.09088699832544299,0.1946219280251691,NA
1,3,OnlineFPCA-adagrad,0.1,0,100,face,3,5,0.949244737625122,0.4936336022610961,0.49720912255862687,0.47051740102437145,0.4936336022610961,0.49720912255862687,0.47051740102437145,1.0000000000000016e-5
1,3,OnlineFPCA-adagrad,0.1,100,100,face,3,5,0.437991857528687,0.6865279318239299,0.967777561632111,1.0327355609384326,NA,NA,NA,5.6234132519035e-7
1,3,OnlineFPCA-adagrad,0.1,200,100,face,3,5,0.437014579772949,0.6763877580380528,1.0607145811588234,0.6995583715692102,NA,NA,NA,5.6234132519035e-7
1,3,OnlineFPCA-adagrad,0.1,300,100,face,3,5,0.444294452667236,0.7797315250479482,0.7152944613712461,0.693089269494603,NA,NA,NA,1.4813960388198332e-7
1,3,OnlineFPCA-adagrad,0.1,400,100,face,3,5,0.441387176513672,0.2994094299726888,0.678852430771123,1.074467048475077,NA,NA,NA,1.4813960388198332e-7
1,3,OnlineFPCA-adagrad,0.1,500,100,face,3,5,0.445374488830566,0.43244003616465915,1.4158779226053173,0.9369866947121686,NA,NA,NA,3.765609909742254e-7
1,3,OnlineFPCA-adagrad,0.1,600,100,face,3,5,0.43977427482605,0.40386808445795014,1.4101836721404577,0.9315278104820728,NA,NA,NA,8.55961140868773e-7
1,3,OnlineFPCA-adagrad,0.1,700,100,face,3,5,0.441303253173828,0.39180658284123643,1.4104061754272947,0.9321751780795715,NA,NA,NA,1.788937276500713e-6
1,3,OnlineFPCA-adagrad,0.1,800,100,face,3,5,0.446669340133667,0.3785057811237047,1.4088793449082389,0.9296872113878926,NA,NA,NA,3.5008050234890126e-6
1,3,OnlineFPCA-adagrad,0.1,900,100,face,3,5,0.443386077880859,0.35525506883428015,1.4077826996032863,0.9266902892921659,NA,NA,NA,6.496290385973654e-6
1,3,OnlineFPCA-adagrad,0.1,1000,100,face,3,5,0.442004203796387,0.3364236754899572,1.4048818431692018,0.9214228579792055,NA,NA,NA,1.1536477386566698e-5
1,3,OnlineFPCA-adagrad,0.1,1100,100,face,3,5,0.622691631317139,0.10864774856014504,1.178746581081917,0.62576232206794,0.13295737666410948,1.2685247465245157,0.719842483100602,1.9741683055865958e-5
1,3,OnlineFPCA-adagrad,0.1,1200,100,face,3,5,0.647142171859741,0.16343214186903593,1.085327613822302,0.6359187484484342,0.11851059731152695,1.1784995390979207,0.6483586028299904,1.9741683055865958e-5
1,3,OnlineFPCA-adagrad,0.1,1300,100,face,3,5,0.631929159164429,0.16850766773595302,0.9299674250823017,0.6244032622342972,0.13561491216566832,1.1090300671368596,0.6296970721044852,1.9741683055865958e-5
1,3,OnlineFPCA-adagrad,0.1,1400,100,face,3,5,0.606226682662964,0.129559719089309,0.8999371103319979,0.5519852503166901,0.12449832551133572,1.067429430461563,0.6157486024302702,3.107807546220643e-5
1,3,OnlineFPCA-adagrad,0.1,1500,100,face,3,5,0.626058340072632,0.20817610822646582,0.779514254082222,0.5518935559206617,0.08167986664565906,1.0151835449747955,0.603615705352743,3.107807546220643e-5
1,3,OnlineFPCA-adagrad,0.1,1600,100,face,3,5,0.609763383865356,0.28599582644626814,0.6023535373169455,0.4875499585481038,0.06740715632910882,0.9291846662470498,0.5790528363185232,3.107807546220643e-5
1,3,OnlineFPCA-adagrad,0.1,1700,100,face,3,5,0.618689060211182,0.19008641939236642,0.5741130174172654,0.4706706419537083,0.047002602820471154,0.8775132942289499,0.5607098516514313,1.4073456931599812e-5
1,3,OnlineFPCA-adagrad,0.1,1800,100,face,3,5,0.612853765487671,0.2757921808090353,0.4373559286884813,0.43446236527755794,0.035080497104245684,0.8197318235727407,0.5413552999566423,1.4073456931599812e-5
1,3,OnlineFPCA-adagrad,0.1,1900,100,face,3,5,0.772010326385498,0.16505169077061851,0.3485283998704703,0.4654656206999142,0.03635288604829803,0.7119013969184285,0.5069378264613951,6.762674557192245e-6
1,3,OnlineFPCA-adagrad,0.1,2000,100,face,3,5,0.607386589050293,0.24526042637155396,0.3728667622740874,0.4218859317661858,0.04501700205848117,0.6581095983173008,0.49509472938796223,6.762674557192245e-6
1,3,OnlineFPCA-adagrad,0.1,2100,100,face,3,5,0.607561588287354,0.15882559775748514,0.3307222289483159,0.38105226662029407,0.05145973047533066,0.6163694344694413,0.46965164981045815,4.805570265482685e-6
1,3,OnlineFPCA-adagrad,0.1,2200,100,face,3,5,0.609580755233765,0.3129183529330608,0.3053654245342216,0.3705405674279413,0.05229329727649652,0.5676821635118648,0.44673920816093654,2.4803070720813148e-6
1,3,OnlineFPCA-adagrad,0.1,2300,100,face,3,5,0.607986211776733,0.3989611875984134,0.39771943985651287,0.32824052151646105,0.06675754859892577,0.5208240329638567,0.4242078947328721,1.8000551231358625e-6
1,3,OnlineFPCA-adagrad,0.1,2400,100,face,3,5,0.600698232650757,0.405953021390097,0.3009044795701948,0.3306950525174693,0.07441253467463622,0.4841755402588672,0.40635611389534265,1.8000551231358625e-6
1,3,OnlineFPCA-adagrad,0.1,2500,100,face,3,5,0.60927939414978,0.4008002028580866,0.29567941761367683,0.37341130310581205,0.07540392325285199,0.46100918965693527,0.39202213718516343,9.831799746345407e-7
1,3,OnlineFPCA-adagrad,0.1,2600,100,face,3,5,0.64973521232605,0.2067051769249019,0.31836677880452446,0.31309648509680094,0.0769640489185157,0.4400146761786,0.38498167666385485,7.32593549848157e-7
1,3,OnlineFPCA-adagrad,0.1,2700,100,face,3,5,0.650176286697388,0.17520733094534682,0.3618672222594279,0.3442316034236979,0.08118989331421893,0.42256352714769346,0.3783197228396918,7.32593549848157e-7
1,3,OnlineFPCA-adagrad,0.1,2800,100,face,3,5,0.655717372894287,0.1244170843745849,0.39347582938629255,0.30112656085998174,0.08256093418679467,0.4064365025530383,0.3764073567377956,7.32593549848157e-7
1,3,OnlineFPCA-adagrad,0.1,2900,100,face,3,5,0.650552749633789,0.17624146668579527,0.24820129411965108,0.29720633383937395,0.07736035331391235,0.39254295032008485,0.363486392043858,4.247453849280846e-7
1,3,OnlineFPCA-adagrad,0.1,3000,100,face,3,5,0.648857831954956,0.10739878268116725,0.26489220412228065,0.29036322917073787,0.07348411170669795,0.37717060341651715,0.3484947772731086,3.254897916295114e-7
1,3,OnlineFPCA-adagrad,0.1,3100,100,face,3,5,0.656152009963989,0.21589031267733452,0.2456204101716872,0.2609024795348828,0.07284158997354608,0.3594936252789083,0.3375923363399436,3.254897916295114e-7
1,3,OnlineFPCA-adagrad,0.1,3200,100,face,3,5,0.659412622451782,0.24863461788010413,0.2525297737690879,0.2239309693180534,0.07218019722360436,0.3429964495456939,0.3243373422263855,2.5237825762471794e-7
1,3,OnlineFPCA-adagrad,0.1,3300,100,face,3,5,0.641553640365601,0.18708152624013955,0.30658371501845155,0.41460901499446545,0.06901579827090265,0.3317070858175988,0.3176155903739846,2.5237825762471794e-7
1,3,OnlineFPCA-adagrad,0.1,3400,100,face,3,5,0.659918785095215,0.2023019574116921,0.25690080453275793,0.25822877550443984,0.06559036053260144,0.3217619907888212,0.31497756931689724,2.5237825762471794e-7
1,3,OnlineFPCA-adagrad,0.1,3500,100,face,3,5,0.649284839630127,0.054379999108091756,0.3390405506620098,0.2015449429028912,0.06045730553577983,0.31056979319756045,0.3103320220497841,2.5237825762471794e-7
1,3,OnlineFPCA-adagrad,0.1,3600,100,face,3,5,0.649594783782959,0.146087307611015,0.33278307104908733,0.32206892110154456,0.0574657280603622,0.29340113484026087,0.30637881906946507,2.5237825762471794e-7
1,3,OnlineFPCA-adagrad,0.1,3700,100,face,3,5,0.832170724868774,0.1766751502591889,0.38049765490005655,0.30937840125814725,0.05343854050298307,0.27430085898926254,0.30303905019127525,1.5938019380089737e-7
1,3,OnlineFPCA-adagrad,0.1,3800,100,face,3,5,0.652697086334229,0.1638159351901026,0.2540190348391049,0.2581996987311804,0.05056350185434062,0.26212912000705885,0.29993688249580175,1.2719542232563974e-7
1,3,OnlineFPCA-adagrad,0.1,3900,100,face,3,5,0.656279802322388,0.19199129630437042,0.2812537697434183,0.2858258401685995,0.04966319672740707,0.25291140161607795,0.29536666485784885,1.0192336643978572e-7
1,3,OnlineFPCA-adagrad,0.1,4000,100,face,3,5,0.642542362213135,0.047552557831314214,0.2466886517832469,0.2918226655585741,0.047552557831314214,0.2466886517832469,0.2918226655585741,1.0192336643978572e-7
1,3,OnlineFPCA-adagrad,0.1,4100,100,face,3,5,0.649376392364502,0.15001816159416975,0.2635893322820508,0.30357017646751777,0.1431289483119933,0.24816667500473313,0.2781628594496624,6.645031314121737e-8
1,3,OnlineFPCA-adagrad,0.1,4200,100,face,3,5,0.65708065032959,0.09652012024650347,0.31385610687389115,0.40661607378376724,0.13628162780693281,0.26712441165250933,0.3030225877807913,5.3847109358660475e-8
1,3,OnlineFPCA-adagrad,0.1,4300,100,face,3,5,0.644975662231445,0.16241311284139995,0.3273772558701255,0.3558559259687698,0.09161914773841331,0.2778330654967553,0.3219738432835121,5.3847109358660475e-8
1,3,OnlineFPCA-adagrad,0.1,4400,100,face,3,5,0.658864259719849,0.22585154082779524,0.3435057944693577,0.3525701805666897,0.08074055873603601,0.2798121610567138,0.32176583251621055,3.5838164092476753e-8
1,3,OnlineFPCA-adagrad,0.1,4500,100,face,3,5,0.647111892700195,0.21988451021571803,0.33940322991914856,0.45975361115761615,0.08510385883584384,0.2870423494709414,0.3266959557496537,3.5838164092476753e-8
1,3,OnlineFPCA-adagrad,0.1,4600,100,face,3,5,0.65793251991272,0.15332330431261715,0.2990041952140165,0.3785348897086776,0.08316489913158678,0.2912089286048529,0.3291262696559899,2.4151619793150926e-8
1,3,OnlineFPCA-adagrad,0.1,4700,100,face,3,5,0.646636962890625,0.22248825597983812,0.38668244666756685,0.4144823671989215,0.0771690271530042,0.2770604009950699,0.3281088537856369,1.9885064715210602e-8
1,3,OnlineFPCA-adagrad,0.1,4800,100,face,3,5,0.665883779525757,0.2515672861552324,0.5115628385986908,0.4254897034101554,0.08019189822738634,0.27286087867802167,0.32177523799107755,1.9885064715210602e-8
1,3,OnlineFPCA-adagrad,0.1,4900,100,face,3,5,0.661977291107178,0.1829863531957168,0.49163835837988507,0.31895256392255306,0.07309584223693834,0.2741454452080959,0.3160717562303052,1.9885064715210602e-8
1,3,OnlineFPCA-adagrad,0.1,5000,100,face,3,5,0.650115728378296,0.18304808064708888,0.33527798947114673,0.3094489824173942,0.0556987708825956,0.26321013048899106,0.3064383875973276,1.9885064715210602e-8
1,3,OnlineFPCA-adagrad,0.1,5100,100,face,3,5,0.134831428527832,0.28122967117896147,0.5054429654361027,0.47309786658852604,0.05899107789185981,0.2565301789057687,0.3075059029948262,NA
1,3,OnlineFPCA-adagrad,0.1,5200,100,face,3,5,0.137685775756836,0.20232510787125535,0.3587620319683921,0.4108637635550344,0.0645455001101082,0.256478943916679,0.31184128727360083,NA
1,3,OnlineFPCA-adagrad,0.1,5300,100,face,3,5,0.132571935653687,0.16697869327818632,0.2428706402976937,0.5036043610539558,0.060699936377267776,0.25546143092072965,0.31291107468532536,NA
1,3,OnlineFPCA-adagrad,0.1,5400,100,face,3,5,0.137317657470703,0.13197138432753622,0.33074236721581235,0.4148022963183008,0.05266897944163727,0.24912969150969594,0.31051461687599013,NA
1,3,OnlineFPCA-adagrad,0.1,5500,100,face,3,5,0.130054712295532,0.10863443316354478,0.4326775702508525,0.4185617066003259,0.04953355809019583,0.24936655716683817,0.3093720905034905,NA
1,3,OnlineFPCA-adagrad,0.1,5600,100,face,3,5,0.133008003234863,0.13635204948951052,0.542153763858468,0.35397541553499556,0.04712942420369336,0.2596872308309822,0.3067990846775959,NA
1,3,OnlineFPCA-adagrad,0.1,5700,100,face,3,5,0.134983539581299,0.17696307488998955,0.5295850545687494,0.5199575256835868,0.048273813298870635,0.2697336792719439,0.30832070432506575,NA
1,3,OnlineFPCA-adagrad,0.1,5800,100,face,3,5,0.133657455444336,0.34066858569592984,0.4336883836120928,0.4443360467063208,0.047555600438118864,0.2731636713111489,0.3126454865218755,NA
1,3,OnlineFPCA-adagrad,0.1,5900,100,face,3,5,0.138379335403442,0.2295061146706721,0.39797558748168116,0.4584955932311079,0.046133295415017025,0.2755495369963756,0.3116321786722122,NA
1,3,OnlineFPCA-adagrad,0.1,6000,100,face,3,5,0.140761852264404,0.12422435253037377,0.24413315582098175,0.38872091280151716,0.05058860089383468,0.27378875447603784,0.31046923390251174,NA
1,3,OnlineFPCA-adagrad,0.1,6100,100,face,3,5,0.135059833526611,0.13139934365848005,0.18818027852668898,0.27410699255157506,0.051903163367127574,0.26577052924590844,0.30716263511322667,NA
1,3,OnlineFPCA-adagrad,0.1,6200,100,face,3,5,0.132950782775879,0.24249522139446367,0.23000369974868298,0.3379487647737305,0.051353646348664975,0.258065433549568,0.3029935654818864,NA
1,3,OnlineFPCA-adagrad,0.1,6300,100,face,3,5,0.137898921966553,0.15994789639863513,0.14175729000611126,0.3088280939113501,0.047356625950143345,0.24975652572789597,0.3001467349468399,NA
1,3,OnlineFPCA-adagrad,0.1,6400,100,face,3,5,0.130846977233887,0.1423645601162857,0.1419926352756262,0.37341212828634657,0.04556443674994668,0.23788771445636922,0.2978205252954278,NA
1,3,OnlineFPCA-adagrad,0.1,6500,100,face,3,5,0.13277792930603,0.28418468453019136,0.3140745937931556,0.4168637711817053,0.046355089017644145,0.22620330095590427,0.29938670469774065,NA
1,3,OnlineFPCA-adagrad,0.1,6600,100,face,3,5,0.139193773269653,0.21186467797783753,0.3709485317325935,0.34093360165217584,0.04663071650958704,0.21956543754151553,0.3007265445732213,NA
1,3,OnlineFPCA-adagrad,0.1,6700,100,face,3,5,0.129002332687378,0.09589364656211212,0.2454536524730384,0.3604081334965623,0.0458826948766744,0.21432906492842324,0.30008049845775064,NA
1,3,OnlineFPCA-adagrad,0.1,6800,100,face,3,5,0.138452529907227,0.23178640900269912,0.2086112761978434,0.3954582441105309,0.04182613184056002,0.20729843168105086,0.30257490561012346,NA
1,3,OnlineFPCA-adagrad,0.1,6900,100,face,3,5,0.138823747634888,0.15040317605397915,0.1604850109288331,0.48365229917518354,0.038240257016816076,0.19893538908033961,0.30480542995891546,NA
1,3,OnlineFPCA-adagrad,0.1,7000,100,face,3,5,0.128726243972778,0.15981032822719676,0.17534509616204494,0.31812712499910517,0.03388785191219881,0.19364599960805645,0.304569809649883,NA
1,3,OnlineFPCA-adagrad,0.1,7100,100,face,3,5,0.140328407287598,0.12470383715514027,0.17050086202892784,0.22605841842913954,0.029225660720377,0.19062656608508724,0.30010115920498315,NA
1,3,OnlineFPCA-adagrad,0.1,7200,100,face,3,5,0.132488012313843,0.16261978731732932,0.15638847701381087,0.18094790726179213,0.02970430313952327,0.1863046537995368,0.2930689140529938,NA
1,3,OnlineFPCA-adagrad,0.1,7300,100,face,3,5,0.128918409347534,0.2256037504639354,0.42627044122493435,0.22879914720546,0.031121308448697184,0.18295963002442037,0.2834493077303188,NA
1,3,OnlineFPCA-adagrad,0.1,7400,100,face,3,5,0.137938022613525,0.22775583157186907,0.2867014333052536,0.19279515683597598,0.031844619048268595,0.18139446730896616,0.2735750589876831,NA
1,3,OnlineFPCA-adagrad,0.1,7500,100,face,3,5,0.13608193397522,0.20467050593390754,0.29692155445446133,0.26676475586524506,0.030890163034231546,0.1788162661085267,0.26500360733012823,NA
1,3,OnlineFPCA-adagrad,0.1,7600,100,face,3,5,0.133355855941772,0.16511066427554627,0.27106529940363583,0.19204739449375788,0.028409033695648747,0.17488865927875752,0.25806161083659707,NA
1,3,OnlineFPCA-adagrad,0.1,7700,100,face,3,5,0.138124704360962,0.16837013168679207,0.3057685110948598,0.18815029374258505,0.027909347900132254,0.17151234247077277,0.25078811312209287,NA
1,3,OnlineFPCA-adagrad,0.1,7800,100,face,3,5,0.130429983139038,0.08759850984526338,0.3175097392028376,0.18880678939776446,0.02880599334433423,0.1683258312350694,0.24493404141719666,NA
1,3,OnlineFPCA-adagrad,0.1,7900,100,face,3,5,0.134769678115845,0.13184406070057217,0.144332859815772,0.2238250440182351,0.02947010152006814,0.166069210380813,0.23879024518951805,NA
1,3,OnlineFPCA-adagrad,0.1,8000,100,face,3,5,0.131905794143677,0.07749217308392782,0.12810495596210747,0.241006066804922,0.02854355962100542,0.16150832494788364,0.2342845460745459,NA
1,3,OnlineFPCA-adagrad,0.1,8100,100,face,3,5,0.136948823928833,0.16564522301830417,0.15078858078494395,0.22057153129912543,0.027526189441852967,0.15606004599767043,0.22978663494708917,NA
1,3,OnlineFPCA-adagrad,0.1,8200,100,face,3,5,0.136527061462402,0.21734329720637363,0.17288564684494342,0.22106865032587059,0.028953975453331157,0.15131448610082204,0.2259306733276345,NA
1,3,OnlineFPCA-adagrad,0.1,8300,100,face,3,5,0.132893800735474,0.16529913970471638,0.12366625555776485,0.3100066085932813,0.029768616227319095,0.14806493759741157,0.22193290101053537,NA
1,3,OnlineFPCA-adagrad,0.1,8400,100,face,3,5,0.131951808929443,0.18207003364692645,0.1753990459184432,0.24296690890904862,0.030360822907856824,0.14443801161243722,0.2192698458471852,NA
1,3,OnlineFPCA-adagrad,0.1,8500,100,face,3,5,0.132418155670166,0.05545150279485502,0.29820206957764783,0.24723895180890912,0.02900493949454654,0.14093321227272157,0.2162788478672428,NA
1,3,OnlineFPCA-adagrad,0.1,8600,100,face,3,5,0.132754325866699,0.11956338686795374,0.26562923188136556,0.2914672397189713,0.028959140559269125,0.1345867468488556,0.21555369314540385,NA
1,3,OnlineFPCA-adagrad,0.1,8700,100,face,3,5,0.134644746780396,0.15073431237696555,0.29263690116617347,0.21820208679251155,0.02732014586557053,0.12697297523606219,0.21456938389038818,NA
1,3,OnlineFPCA-adagrad,0.1,8800,100,face,3,5,0.132851362228394,0.12248108857844514,0.20872011424785697,0.16759172481384213,0.02510542740341147,0.12102862605839267,0.2126783547942732,NA
1,3,OnlineFPCA-adagrad,0.1,8900,100,face,3,5,0.132348775863647,0.16849644109848697,0.23011247748052796,0.1958136739484736,0.023505882466597034,0.11653579773999416,0.21063945010347462,NA
1,3,OnlineFPCA-adagrad,0.1,9000,100,face,3,5,0.134060859680176,0.265445050445245,0.21632444898877626,0.1365274251030836,0.021825506372071833,0.11391874700725814,0.2077515669262749,NA
1,3,OnlineFPCA-adagrad,0.1,9100,100,face,3,5,0.13280463218689,0.13615248142940994,0.1673604021541544,0.08689036859390259,0.022421327228605237,0.1124615196943304,0.2039641856552581,NA
1,3,OnlineFPCA-adagrad,0.1,9200,100,face,3,5,0.133590698242188,0.11766138040072384,0.18631614947194752,0.19426539650993935,0.022440195137203696,0.11098720779367796,0.20131678089612445,NA
1,3,OnlineFPCA-adagrad,0.1,9300,100,face,3,5,0.136513233184814,0.13416349406745087,0.18297529279658256,0.1694432414046731,0.022727946496617944,0.10863083490100697,0.19956548164102164,NA
1,3,OnlineFPCA-adagrad,0.1,9400,100,face,3,5,0.132956027984619,0.17770723022892063,0.2149946353815291,0.21255387702892167,0.0231361492279421,0.1077591232746093,0.1983865215148857,NA
1,3,OnlineFPCA-adagrad,0.1,9500,100,face,3,5,0.139060258865356,0.20083960467175546,0.21467181222954657,0.3064886591049154,0.023673500370076823,0.10786981600187627,0.19729481539785967,NA
1,3,OnlineFPCA-adagrad,0.1,9600,100,face,3,5,0.130600690841675,0.12972083166783646,0.1824948679267681,0.24232506260930134,0.023735511479861793,0.10765880184512544,0.19737822974241823,NA
1,3,OnlineFPCA-adagrad,0.1,9700,100,face,3,5,0.127407073974609,0.16026453965177345,0.2396293494309276,0.26951827381481924,0.02448543110912858,0.10624492767476258,0.1977675498173529,NA
1,3,OnlineFPCA-adagrad,0.1,9800,100,face,3,5,0.137397050857544,0.19026352045307007,0.3189970588019466,0.2799040799695686,0.025869961523395258,0.10524626390018907,0.19743543325857527,NA
1,3,OnlineFPCA-adagrad,0.1,9900,100,face,3,5,0.135498046875,0.11990983720807055,0.267834684039968,0.23783231989681433,0.026243530541315185,0.10425421770653884,0.19742708748976562,NA
1,3,OnlineFPCA-adagrad,0.1,10000,100,face,3,5,0.128941059112549,0.1417564675230763,0.17080335230562502,0.22049101379225816,0.02529558915226937,0.10380652451784804,0.1971087427374327,NA
1,3,OnlineFPCA-adagrad,0.1,10100,100,face,3,5,0.135191202163696,0.22360655302932209,0.27259777858751283,0.32564120695356197,0.02473945940184215,0.10378159207517587,0.19768437867879723,NA
1,3,OnlineFPCA-adagrad,0.1,10200,100,face,3,5,0.137726783752441,0.19460438403373193,0.19078085858282637,0.26704267108635016,0.02472551971214631,0.10356851655802274,0.19858539048311094,NA
1,3,OnlineFPCA-adagrad,0.1,10300,100,face,3,5,0.13470983505249,0.1373791569048064,0.18219345303049514,0.2763275199373317,0.024407385893581452,0.10304245747208127,0.1988351293507663,NA
1,3,OnlineFPCA-adagrad,0.1,10400,100,face,3,5,0.133769512176514,0.11383118353019825,0.24365289297150236,0.1990954193663703,0.022404217231077488,0.10270405861239076,0.19833792418045243,NA
1,3,OnlineFPCA-adagrad,0.1,10500,100,face,3,5,0.13990330696106,0.10618459725616625,0.3292621575142945,0.28098436948124156,0.02107027512923971,0.10415249638128021,0.197904918887143,NA
1,3,OnlineFPCA-adagrad,0.1,10600,100,face,3,5,0.134155988693237,0.11949216925905368,0.40017752677883184,0.22831106106261703,0.02032063014152141,0.10762552931141624,0.1975589511953534,NA
1,3,OnlineFPCA-adagrad,0.1,10700,100,face,3,5,0.311081647872925,0.15705051580080112,0.41498395813129924,0.3642234718384765,0.02041941089302182,0.1118949555698697,0.19807016397715357,NA
1,3,OnlineFPCA-adagrad,0.1,10800,100,face,3,5,0.134970426559448,0.2863920438591022,0.3725828134907464,0.3559905624900106,0.021715963114886487,0.1149186746434845,0.19941775185987118,NA
1,3,OnlineFPCA-adagrad,0.1,10900,100,face,3,5,0.133390665054321,0.21406264550702395,0.35234728894136613,0.39552385513121907,0.022842919167888154,0.11795138343493637,0.20011692392764163,NA
1,3,OnlineFPCA-adagrad,0.1,11000,100,face,3,5,0.145512104034424,0.13292106603310794,0.23739931277043835,0.33586093896292124,0.02435804027062776,0.11934687409315647,0.20085204922563635,NA
1,3,OnlineFPCA-adagrad,0.1,11100,100,face,3,5,0.13080358505249,0.1194160766418721,0.17673489836512105,0.2534313773373815,0.025184018074571615,0.1190683037118139,0.2011434104740195,NA
1,3,OnlineFPCA-adagrad,0.1,11200,100,face,3,5,0.13741135597229,0.2022390125451204,0.19929644499507468,0.30010655854524104,0.025004896200954405,0.11856500285606737,0.20113025497085893,NA
1,3,OnlineFPCA-adagrad,0.1,11300,100,face,3,5,0.143522977828979,0.13808622171991325,0.1697871347532878,0.2669460393240045,0.024590079191670326,0.11696060855412618,0.20144467999083557,NA
1,3,OnlineFPCA-adagrad,0.1,11400,100,face,3,5,0.133967638015747,0.12189500639984586,0.16241923582029957,0.33762334031979363,0.024335796097001174,0.1149437901679333,0.2015723205300066,NA
1,3,OnlineFPCA-adagrad,0.1,11500,100,face,3,5,0.135252237319946,0.23512120713219453,0.2590864366468386,0.34100306306187395,0.025078640273065327,0.11294276418068099,0.2023637287734427,NA
1,3,OnlineFPCA-adagrad,0.1,11600,100,face,3,5,0.13206148147583,0.18623161758305273,0.30050240721574706,0.2769938499014696,0.025748418396186516,0.11209129367939315,0.20304251986032867,NA
1,3,OnlineFPCA-adagrad,0.1,11700,100,face,3,5,0.140228986740112,0.07097160039986802,0.20248153141084718,0.30728245243920715,0.02629134952033595,0.11115102066024951,0.2032628949193209,NA
1,3,OnlineFPCA-adagrad,0.1,11800,100,face,3,5,0.13921070098877,0.1763882746764558,0.17366669979584354,0.320802698884617,0.025912958921099696,0.10923985649341553,0.20464067470203193,NA
1,3,OnlineFPCA-adagrad,0.1,11900,100,face,3,5,0.12905216217041,0.11501090784515898,0.13364102090975868,0.4124133171248039,0.025349365601086627,0.10671917450913122,0.20617738107325273,NA
1,3,OnlineFPCA-adagrad,0.1,12000,100,face,3,5,0.138004302978516,0.13411622248981056,0.15494040841519024,0.2804779831362695,0.024576029234827816,0.10541448540148755,0.20718083401704623,NA
1,3,OnlineFPCA-adagrad,0.1,12100,100,face,3,5,0.139158725738525,0.12076492484166837,0.15400627999483668,0.2129508601936238,0.023345747345677077,0.10485909055123764,0.20645803414541178,NA
1,3,OnlineFPCA-adagrad,0.1,12200,100,face,3,5,0.12968897819519,0.1449104468313541,0.16278437809572108,0.19898177455685004,0.023189605399021748,0.10445154069074158,0.20496575235103343,NA
1,3,OnlineFPCA-adagrad,0.1,12300,100,face,3,5,0.135310411453247,0.20791176753965515,0.361554239757004,0.2405615655520548,0.023507030551115637,0.10481104442850439,0.2025532789643423,NA
1,3,OnlineFPCA-adagrad,0.1,12400,100,face,3,5,0.139736652374268,0.19392118809973297,0.2732518098798847,0.22352327506527206,0.023447011184025247,0.10588201371517339,0.19996308183456019,NA
1,3,OnlineFPCA-adagrad,0.1,12500,100,face,3,5,0.134711742401123,0.18260323313840585,0.2836589944619503,0.26941720120471224,0.022845164499150923,0.10659285544986083,0.19784303582597373,NA
1,3,OnlineFPCA-adagrad,0.1,12600,100,face,3,5,0.136034488677979,0.15259975828299016,0.2639562428935942,0.2109584837170912,0.021555414931705753,0.10689486558056002,0.19617176217938231,NA
1,3,OnlineFPCA-adagrad,0.1,12700,100,face,3,5,0.137305498123169,0.16194517173325923,0.28637044448762616,0.2067731031544537,0.021048192073629252,0.10737154327091011,0.19408854478334225,NA
1,3,OnlineFPCA-adagrad,0.1,12800,100,face,3,5,0.134914398193359,0.08765614247933315,0.2871548840027787,0.20366905075553435,0.021256558254613162,0.10781575763836641,0.19250680729332476,NA
1,3,OnlineFPCA-adagrad,0.1,12900,100,face,3,5,0.134828567504883,0.11045204388454197,0.16739184004859445,0.22105270157662496,0.02174569087236739,0.10831713186466706,0.19080655678804628,NA
1,3,OnlineFPCA-adagrad,0.1,13000,100,face,3,5,0.140093088150024,0.0661461489138951,0.15438873771796818,0.22764228679343806,0.021621516574107446,0.10781148830568493,0.18962244433501968,NA
1,3,OnlineFPCA-adagrad,0.1,13100,100,face,3,5,0.137778043746948,0.1379957325354396,0.1638287714709448,0.21952109808283593,0.02157007462360554,0.10676265115984948,0.1883850619760476,NA
1,3,OnlineFPCA-adagrad,0.1,13200,100,face,3,5,0.132509469985962,0.19669790396884396,0.1755155344242862,0.22190426475082273,0.022618363815401756,0.10576881697062723,0.18739187583474573,NA
1,3,OnlineFPCA-adagrad,0.1,13300,100,face,3,5,0.13190484046936,0.15250362000952747,0.12306322627862204,0.2901124635891765,0.023425644057316976,0.1051629906971269,0.1862275685106212,NA
1,3,OnlineFPCA-adagrad,0.1,13400,100,face,3,5,0.132882118225098,0.16883911909511254,0.17318442272005624,0.24233243086483275,0.024149538987290674,0.10456711061246354,0.18560309489312493,NA
1,3,OnlineFPCA-adagrad,0.1,13500,100,face,3,5,0.136356592178345,0.06020033496206859,0.27212654778938794,0.24629362290491016,0.023887299775319268,0.10414966437639915,0.18493936088562046,NA
1,3,OnlineFPCA-adagrad,0.1,13600,100,face,3,5,0.143854379653931,0.10753663408252612,0.23288935542622863,0.27327267066487565,0.02397577572374087,0.10252083327602096,0.18513364338124205,NA
1,3,OnlineFPCA-adagrad,0.1,13700,100,face,3,5,0.134459257125854,0.1315183937617812,0.2502929321479174,0.19426472644455023,0.023424549974509212,0.10009135787531552,0.18499980384645226,NA
1,3,OnlineFPCA-adagrad,0.1,13800,100,face,3,5,0.129043817520142,0.1077307504771591,0.19850863700033702,0.1545035093664074,0.02244930191516151,0.09813781614580125,0.18440604432805346,NA
1,3,OnlineFPCA-adagrad,0.1,13900,100,face,3,5,0.140650987625122,0.15272556929841147,0.21298487567533864,0.17189970913805747,0.02193068132767862,0.09661537500590457,0.18370978009829034,NA
1,3,OnlineFPCA-adagrad,0.1,14000,100,face,3,5,0.134912490844727,0.24597780218970672,0.19800847437643646,0.13152159870244312,0.021423661485316367,0.09566516421019311,0.18255626306715084,NA
1,3,OnlineFPCA-adagrad,0.1,14100,100,face,3,5,0.133744239807129,0.12972927342121976,0.14837435909046587,0.09213019504638562,0.021688714027866294,0.09531431316567215,0.1809598467509772,NA
1,3,OnlineFPCA-adagrad,0.1,14200,100,face,3,5,0.135510206222534,0.11827866395272679,0.1653988233633017,0.17971661130435712,0.02168300897607914,0.09499250079295701,0.17993098881480082,NA
1,3,OnlineFPCA-adagrad,0.1,14300,100,face,3,5,0.132871866226196,0.11933409089771067,0.16374608957894535,0.15872215753228355,0.021802739796698473,0.09422412217395006,0.1793035108689356,NA
1,3,OnlineFPCA-adagrad,0.1,14400,100,face,3,5,0.12845253944397,0.14962259455828875,0.18558431200954878,0.1894562754050133,0.021968878710287274,0.09408649983896378,0.17889798445330923,NA
1,3,OnlineFPCA-adagrad,0.1,14500,100,face,3,5,0.139698505401611,0.18436330244481788,0.19286707029060776,0.27680769292319046,0.022130625961937735,0.09439724144709898,0.17849077921715523,NA
1,3,OnlineFPCA-adagrad,0.1,14600,100,face,3,5,0.142389535903931,0.11885185306834146,0.17433092039358716,0.21938032631737478,0.02210767268160362,0.09443063111522287,0.17853451396693387,NA
1,3,OnlineFPCA-adagrad,0.1,14700,100,face,3,5,0.128989696502686,0.13348858925766274,0.21177700472845426,0.23667442823968188,0.022472724335622883,0.09390498747318404,0.17877198430773011,NA
1,3,OnlineFPCA-adagrad,0.1,14800,100,face,3,5,0.13979959487915,0.16335360191321677,0.274542577278528,0.2420328624489088,0.02312624095268437,0.09341172384232699,0.17870563175757156,NA
1,3,OnlineFPCA-adagrad,0.1,14900,100,face,3,5,0.136796712875366,0.09761101878698801,0.23562910173831833,0.22103596900263303,0.023438642428769484,0.0928965237861371,0.17884264915825787,NA
1,3,OnlineFPCA-adagrad,0.1,15000,100,face,3,5,0.13726019859314,0.12202007279903003,0.1581262989183638,0.2141519644676552,0.023150818526385876,0.09286214910607364,0.17890175860515425,NA
1,3,OnlineCov,NA,100,NA,NA,3,NA,3.93521881103516,0.5188815738762053,0.5527894984000385,1.2547235593121127,0.5188815738762053,0.5527894984000385,1.2547235593121127,NA
1,3,OnlineCov,NA,200,NA,NA,3,NA,4.55197167396545,0.1952783593796724,0.5980560795816905,1.158770700743994,0.1952783593796724,0.5980560795816905,1.158770700743994,NA
1,3,OnlineCov,NA,300,NA,NA,3,NA,3.79702258110046,0.09920224062852805,0.6477933582090489,1.1330447041877239,0.09920224062852805,0.6477933582090489,1.1330447041877239,NA
1,3,OnlineCov,NA,400,NA,NA,3,NA,4.33563184738159,0.03717125937085347,0.5135467473007974,0.9214220469572599,0.03717125937085347,0.5135467473007974,0.9214220469572599,NA
1,3,OnlineCov,NA,500,NA,NA,3,NA,4.56877017021179,0.06410402043791327,0.45298909748980665,1.2832333454685292,0.06410402043791327,0.45298909748980665,1.2832333454685292,NA
1,3,OnlineCov,NA,600,NA,NA,3,NA,3.89543008804321,0.0976635107282044,0.5218027754785128,0.9511681392442558,0.0976635107282044,0.5218027754785128,0.9511681392442558,NA
1,3,OnlineCov,NA,700,NA,NA,3,NA,4.46970129013062,0.0804684731628056,0.4747777288927336,1.2339929659871562,0.0804684731628056,0.4747777288927336,1.2339929659871562,NA
1,3,OnlineCov,NA,800,NA,NA,3,NA,4.29808306694031,0.10760211480007206,0.3953264183187604,1.274733424526411,0.10760211480007206,0.3953264183187604,1.274733424526411,NA
1,3,OnlineCov,NA,900,NA,NA,3,NA,4.67174172401428,0.09630463667678454,0.39993694926168555,1.3530508803528556,0.09630463667678454,0.39993694926168555,1.3530508803528556,NA
1,3,OnlineCov,NA,1000,NA,NA,3,NA,4.07729649543762,0.08164456130083238,0.35709093883104037,0.4916358503805312,0.08164456130083238,0.35709093883104037,0.4916358503805312,NA
1,3,OnlineCov,NA,1100,NA,NA,3,NA,4.27788782119751,0.05762278404476103,0.33465155597898544,0.4233802053230191,0.05762278404476103,0.33465155597898544,0.4233802053230191,NA
1,3,OnlineCov,NA,1200,NA,NA,3,NA,3.93719673156738,0.0650212762280162,0.3184382192318948,0.4679779175120528,0.0650212762280162,0.3184382192318948,0.4679779175120528,NA
1,3,OnlineCov,NA,1300,NA,NA,3,NA,4.49564123153687,0.04876649068630244,0.2211679011511684,0.3114140517251984,0.04876649068630244,0.2211679011511684,0.3114140517251984,NA
1,3,OnlineCov,NA,1400,NA,NA,3,NA,4.5956404209137,0.07538746018639053,0.2633992314801353,0.34202614513681884,0.07538746018639053,0.2633992314801353,0.34202614513681884,NA
1,3,OnlineCov,NA,1500,NA,NA,3,NA,3.82044243812561,0.06882515290358687,0.16279582435019438,0.27450726625572264,0.06882515290358687,0.16279582435019438,0.27450726625572264,NA
1,3,OnlineCov,NA,1600,NA,NA,3,NA,3.99732780456543,0.07279596967293313,0.1928857457517664,0.32602174302282533,0.07279596967293313,0.1928857457517664,0.32602174302282533,NA
1,3,OnlineCov,NA,1700,NA,NA,3,NA,4.08627009391785,0.06689607975314656,0.23897200340099675,0.3444779045821072,0.06689607975314656,0.23897200340099675,0.3444779045821072,NA
1,3,OnlineCov,NA,1800,NA,NA,3,NA,4.07494759559631,0.04935423181930573,0.2298484884044915,0.3080438258442063,0.04935423181930573,0.2298484884044915,0.3080438258442063,NA
1,3,OnlineCov,NA,1900,NA,NA,3,NA,3.97311687469482,0.04827177993969144,0.18455971352938352,0.2953710901333671,0.04827177993969144,0.18455971352938352,0.2953710901333671,NA
1,3,OnlineCov,NA,2000,NA,NA,3,NA,4.66078162193298,0.05614331747780133,0.1908729681753063,0.2691291931196121,0.05614331747780133,0.1908729681753063,0.2691291931196121,NA
1,3,OnlineCov,NA,2100,NA,NA,3,NA,4.45408344268799,0.050924501277012396,0.17771031844862156,0.23831159055509693,0.050924501277012396,0.17771031844862156,0.23831159055509693,NA
1,3,OnlineCov,NA,2200,NA,NA,3,NA,3.8296492099762,0.047494742061303656,0.1649585099599837,0.20123555637871066,0.047494742061303656,0.1649585099599837,0.20123555637871066,NA
1,3,OnlineCov,NA,2300,NA,NA,3,NA,4.06351733207703,0.029587439328311465,0.14772258866629684,0.1619308199622791,0.029587439328311465,0.14772258866629684,0.1619308199622791,NA
1,3,OnlineCov,NA,2400,NA,NA,3,NA,3.98089265823364,0.028512822338155996,0.17005191599590028,0.1987477454762047,0.028512822338155996,0.17005191599590028,0.1987477454762047,NA
1,3,OnlineCov,NA,2500,NA,NA,3,NA,4.71575474739075,0.020202762551788635,0.17479639704854194,0.20583671703237116,0.020202762551788635,0.17479639704854194,0.20583671703237116,NA
1,3,OnlineCov,NA,2600,NA,NA,3,NA,4.2033314704895,0.013786703292607935,0.14375075557627173,0.19727299015374955,0.013786703292607935,0.14375075557627173,0.19727299015374955,NA
1,3,OnlineCov,NA,2700,NA,NA,3,NA,4.37316989898682,0.014447603228797214,0.13954912786937768,0.18200820442651966,0.014447603228797214,0.13954912786937768,0.18200820442651966,NA
1,3,OnlineCov,NA,2800,NA,NA,3,NA,3.9653058052063,0.016430178771806327,0.15510035858293356,0.19860345708815427,0.016430178771806327,0.15510035858293356,0.19860345708815427,NA
1,3,OnlineCov,NA,2900,NA,NA,3,NA,4.24300479888916,0.015623425814946806,0.1498085493707884,0.1563923950369036,0.015623425814946806,0.1498085493707884,0.1563923950369036,NA
1,3,OnlineCov,NA,3000,NA,NA,3,NA,3.67283272743225,0.026222729495144374,0.14263521811419638,0.16042836708154992,0.026222729495144374,0.14263521811419638,0.16042836708154992,NA
1,3,OnlineCov,NA,3100,NA,NA,3,NA,3.87593555450439,0.04591053383634347,0.14093136995887293,0.15727094587830065,0.04591053383634347,0.14093136995887293,0.15727094587830065,NA
1,3,OnlineCov,NA,3200,NA,NA,3,NA,4.4011116027832,0.04787992278829929,0.1395593155370625,0.1563815915308579,0.04787992278829929,0.1395593155370625,0.1563815915308579,NA
1,3,OnlineCov,NA,3300,NA,NA,3,NA,4.19752097129822,0.049633474145049275,0.12119328790967017,0.14164071474035123,0.049633474145049275,0.12119328790967017,0.14164071474035123,NA
1,3,OnlineCov,NA,3400,NA,NA,3,NA,4.29321956634521,0.051040678920653094,0.14059650284656336,0.15202184782936076,0.051040678920653094,0.14059650284656336,0.15202184782936076,NA
1,3,OnlineCov,NA,3500,NA,NA,3,NA,4.69237780570984,0.04600400215730968,0.12360241916372713,0.14062073565941183,0.04600400215730968,0.12360241916372713,0.14062073565941183,NA
1,3,OnlineCov,NA,3600,NA,NA,3,NA,4.30725598335266,0.04410131394569274,0.09802806377087324,0.16229569653961362,0.04410131394569274,0.09802806377087324,0.16229569653961362,NA
1,3,OnlineCov,NA,3700,NA,NA,3,NA,4.00234365463257,0.04391360747869785,0.08538838361629061,0.13125068535115234,0.04391360747869785,0.08538838361629061,0.13125068535115234,NA
1,3,OnlineCov,NA,3800,NA,NA,3,NA,4.56391096115112,0.046021663391263415,0.08824459811444985,0.11512821274237985,0.046021663391263415,0.08824459811444985,0.11512821274237985,NA
1,3,OnlineCov,NA,3900,NA,NA,3,NA,4.1881275177002,0.040283721949593905,0.08655399465918426,0.13390188986761184,0.040283721949593905,0.08655399465918426,0.13390188986761184,NA
1,3,OnlineCov,NA,4000,NA,NA,3,NA,4.29154944419861,0.04030246083831432,0.0885695150288691,0.12439946562109348,0.04030246083831432,0.0885695150288691,0.12439946562109348,NA
1,3,OnlineCov,NA,4100,NA,NA,3,NA,3.72065949440002,0.04546096681219746,0.08828070272441174,0.13379726368323183,0.04546096681219746,0.08828070272441174,0.13379726368323183,NA
1,3,OnlineCov,NA,4200,NA,NA,3,NA,4.49400043487549,0.04182629638703913,0.07798760034590908,0.16674122097493327,0.04182629638703913,0.07798760034590908,0.16674122097493327,NA
1,3,OnlineCov,NA,4300,NA,NA,3,NA,3.89173865318298,0.04281284393935173,0.07300281512229788,0.15987797558024833,0.04281284393935173,0.07300281512229788,0.15987797558024833,NA
1,3,OnlineCov,NA,4400,NA,NA,3,NA,4.19473719596863,0.040405464316205224,0.07910302977627787,0.14678975982217504,0.040405464316205224,0.07910302977627787,0.14678975982217504,NA
1,3,OnlineCov,NA,4500,NA,NA,3,NA,3.89746260643005,0.03880584318806652,0.06562485662588582,0.1721982618218756,0.03880584318806652,0.06562485662588582,0.1721982618218756,NA
1,3,OnlineCov,NA,4600,NA,NA,3,NA,4.14119672775269,0.037362870789490486,0.07434126741055677,0.135531437064468,0.037362870789490486,0.07434126741055677,0.135531437064468,NA
1,3,OnlineCov,NA,4700,NA,NA,3,NA,4.0168788433075,0.03355480586469979,0.0727462048193308,0.18069623425398879,0.03355480586469979,0.0727462048193308,0.18069623425398879,NA
1,3,OnlineCov,NA,4800,NA,NA,3,NA,4.43226599693298,0.036464484318007605,0.07072369816866857,0.1991588952634205,0.036464484318007605,0.07072369816866857,0.1991588952634205,NA
1,3,OnlineCov,NA,4900,NA,NA,3,NA,4.33710694313049,0.03424740519657909,0.07966859885022576,0.18667023001678892,0.03424740519657909,0.07966859885022576,0.18667023001678892,NA
1,3,OnlineCov,NA,5000,NA,NA,3,NA,4.10939168930054,0.028971767973452956,0.09097696234231505,0.22130741135148127,0.028971767973452956,0.09097696234231505,0.22130741135148127,NA
1,3,Batch-PACE,NA,5000,NA,NA,3,5000,7.33164477348328,0.02734419582291093,0.0999132039129968,0.2280715660754881,0.02734419582291093,0.0999132039129968,0.2280715660754881,NA
1,3,Batch-FACE,NA,5000,NA,NA,3,5000,64.4393422603607,0.024407496062535682,0.06930788774896038,0.1293713226243528,0.024407496062535682,0.06930788774896038,0.1293713226243528,NA
1,3,Batch-REML,NA,5000,NA,NA,3,5000,201.65722990036,0.02177027513891376,0.0886721007346197,0.07981987240573218,0.02177027513891376,0.0886721007346197,0.07981987240573218,NA
1,3,Batch-SOAP,NA,5000,NA,NA,3,5000,232.524735927582,0.04329582330046466,0.10785458244963254,0.09446458826148857,0.04329582330046466,0.10785458244963254,0.09446458826148857,NA
